Player 1 Deadwood: 
15,15,15,2,2
28,18,17,17,11,9,9
48,48,47,19,19,13,10,10
62,32,30,24,24,19,16,16,16
45,42,34,34,31,20,18,2,2
19,19,19,18,2,2
73,65,61,60,59,57,34,14,9,9
29,27,27,24,24,23,23,23
46,46,16,15,11,11,11,11
67,37,35,27,20,13,13,9,9
55,53,27,27,14,9,9
46,36,12,6,6
69,39,31,31,29,24,24,12,12,12,12,12
63,57,56,51,51,45,45,45
43,34,34,26,21,15,15,13,13,13
32,21,5,5
44,31,31,27,20,8,8
37,36,28,28,28
40,34,30,29,29,12,12,12
66,40,40,40,15,12,12,12,12,8,8
54,48,33,23,4,4
33,15,14,7,7
31,25,11,9,9
45,35,33,30,30,30,30,30,30,30,15,15,15
63,55,46,40,40,40,40,38,19,18,8,8
53,50,46,37,32,32,32,12,12,9,9
35,30,27,27,27,27,27
67,37,12,12,1,1
59,54,50,27,10,10
59,59,50,47,41,20,19,8,8
61,43,40,39,25,19,19,19,19,19,19,14,14,14,14
58,58,54,54,48,48,48,48,47,35,33,33,33
69,68,46,43,34,33,27,9,9
59,53,46,43,43,43,38,21,16,16,16
51,45,42,42,41,33,23,18,11,11,0
51,43,43,43,43
71,47,38,11,11,11,11,5,5
58,32,31,12,12,11,11,11,11
44,34,34,34,24,9,9
50,49,46,45,36,36,23,21,3,3
42,42,32,32,16,13,13,13,13
40,40,40,16,11,11,11
50,45,36,36,20,20,20,20
65,56,53,46,46,46,46
65,36,33,32,13,13,13
32,29,22,7,7
25,8,8
28,10,10
37,35,29,11,7,7
13,9,9
45,37,33,32,32,28,28,24,24,23,23,23
55,50,49,49,47,35,28,11,11,3,3
67,60,54,26,26,19,19,8,8
47,39,39,39,39,39
51,51,22,22,22,15,15,15
23,22,11,7,7
39,39,39,39,32,26,21,21,21,21,21,21
74,74,54,26,26,24,19,14,14,14,14
54,48,48,22,22,19,19,19
57,55,54,49,42,41,21,13,8,8
50,50,20,20,20,20,20
65,49,41,36,36,22,17,17,17
14,14,12,12,12,12,12,7,7
43,25,24,24,22,22,21,1,1
71,71,64,48,34,34,34,34
46,45,25,16,11,5,5
35,15,6,6
69,39,35,34,27,27,27,26,9,9
38,29,21,10,10
44,21,17,17,17,17,17,16,16,12,12,7,7
60,34,29,27,21,21,21
29,24,23,21,21,14,14,13,13,13,12,12,12,8,8
59,56,56,56,52,44,27,27,24,24,24,8,8
53,53,44,34,25,25,25,24,24,24,24,15,9,9
26,26,26,19,9,9
44,36,22,21,21,21,19,19,18,17,17,17
51,48,48,28,17,3,3
38,28,27,25,25,25,25
47,45,40,32,32,32,32,27,15,13,13,13
51,51,35,15,10,10
39,32,32,26,24,11,11,11
54,53,53,47,46,28,26,25,7,7
45,45,16,16,16
55,54,32,32,31,31,27,27,27
61,61,61
39,39,31,31,14,14,14,14
61,61,61,61,29,21,21,21,21
53,52,23,22,21,21,21,7,7
54,54,52,23,15,15,15,15,15
47,47,18,12,11,11,10,10
47,47,46,46,43,43,43
38,38,24,17,16,11,11,11
33,28,27,26,23,5,5
19,18,16,16,16,3,3
51,50,50,50
60,60,58,54,54,31,31,23,12,12,12,12
41,16,15,15,9,9
56,50,50,44,44,44,41,21,21,17,17,17,17,16,16,16
43,39,35,34,34,19,19,2,2
14,13,13,7,7
31,27,27,27,19,12,11,11,11
73,68,67,41,31,29,25,24,19,19,6,6
51,49,49,45,43,21,6,6
57,54,54,50,49,49,25,25,8,8
30,24,24,24
45,43,33,33,32,21,21,21
53,53,37,37,34,34,31,31,28,15,15,15,15
36,36,35,27,26,26,26,26,26,10,10
29,29,21,12,2,2
70,69,46,23,23,23
33,33,33,27,27,20,20,20,20,20,20
32,30,20,16,12,6,6
64,58,53,27,21,21,15,15,15,15,15,15,15,15
69,60,53,53,49,44,37,28,22,20,20,20
55,53,50,41,23,23,20,20,18,13,13,13,13,13
74,74,45,26,26,26,20,14,14,14,2,2
33,15,15,15,11,11,11
37,32,32,32,32,32,26,20,20,20,20,20,20
37,27,22,18,18,18
53,53,51,45,25,25,21,21,21,21
51,45,43,43,43,43,43,43,18,18,18,18,18
54,53,51,51,25,22,22,22,22,21,21,21,21
64,63,55,33,27,27,27,27
76,72,67,38,38,38
35,12,7,7
52,22,7,7
45,20,19,19,15,15,14,14,14,14
66,44,36,35,35,34,34,34
15,15,14,14,14,14,13,13,13
52,32,25,20,20,9,9
15,14,14,12,11,11,11,11
37,37,21,21,15,5,5
23,17,17,16,14,2,2
58,58,29,9,9
47,47,47,38,38,32,26,13,13,12,10,10
51,26,23,20,4,4
39,39,34,12,4,4
53,45,45,29,27,2,2
33,27,5,5
74,45,28,28,14,0
48,36,33,32,32,32,31,31,31
53,37,31,31,31,31,31
28,23,3,3
41,41,41,41,11,0
61,61,61,37,31,16,12,8,8
39,16,13,13,13,13,13
77,77,77
68,50,41,16,16,16,15,15,15,15
22,17,17,13,13,13,13,13,13
66,62,57,48,40,40,35,20,20,18,9,9
64,58,51,45,45,45,45,45,26,25,25,16,16,11,11,11,11
42,16,15,15,15,11,11,11,11,11
60,60,53,52,24,22,17,17,17
31,22,20,20,20,16,16,16,15,15,15,15,15,15,15,15,15
29,18,11,11,8,8
59,56,32,6,6
39,31,31,17,17,17,12,12,12
56,50,50,34,14,14,14,14,14
43,34,33,33,31,31,29,29,23,23,19,19,19
35,35,27,26,21,6,6
56,55,49,46,46,46,46,46
60,59,56,56,30,30,11,11,11
58,56,27,27,27
45,43,28,28,20,19,19,19
34,24,24,24,24,18,18,18,18
34,32,32,28,9,9
60,55,48,24,24,22,22,8,8
49,49,13,9,9
19,19,19,14,14,12,12,12,7,7
48,48,48,39,39,39
61,43,17,15,15,2,2
74,44,27,27,27,27
40,32,32,32,25,25,25
42,40,40,40,30,17,11,10,10
45,41,35,31,31,31,14,9,9
42,37,36,36,19,19,14,14,14
54,42,36,32,32,32,32,32,14,14,14
24,24,18,16,16,12,12,12,12,12
55,50,40,20,20,20,12,12,12
66,66,44,16,9,9
50,50,50,50
47,44,37,36,36,28,26,26,25,25,8,8
68,29,25,7,7
64,52,23,23,23,23
52,49,41,38,25,25,3,3
57,57,56,53,28,23,17,17,17,17
48,44,43,40,39,39,39,39,31,31,13,13,12,4,4
51,47,47,25,25,25,24,24,24,8,8
65,65,62,62,61,36,34,14,14,14,14,14,14
47,44,44,35,35,35,30,7,7
60,56,35,35,34,34,34,29,29,23,17,17,17,17
27,27,20,20,20,8,8
68,60,60,57,33,12,12,12,12
51,51,43,37,33,31,25,9,9
55,29,29,29,26,26,9,9
47,47,42,35,34,27,27,21,21,21
52,46,20,20,18,18,18
69,51,51,46,44,37,15,15,15
33,29,29,29,26,26,10,10
65,62,54,54,54,54,29,29,29
40,32,31,29,29,29,10,10
63,59,53,44,26,26,26,26,24,24,24
44,39,39,36,36,36
18,18,18,9,9
21,11,11,11,11
56,55,43,42,41,41,41
26,18,18,13,13,13,5,5
65,65,58,41,40,37,37,36,36,36
62,55,55,31,16,13,9,9
60,59,59,59,55,54,31,31
61,60,55,49,27,27,14,10,10
58,58,58,49,24,24,24
59,59,38,34,34,26,26,21,21,16,16,16
52,52,49,49,49
35,35,33,9,9
67,67,58,55,53,50,50,45,42,39,28,23,23,23
57,57,52,35,13,8,8
64,64,58,53,52,52,45,23,10,10
67,62,37,37,37
36,30,24,12,10,10
16,13,13,13,9,9
38,19,15,10,10
20,20,20,14,14,8,8
58,57,55,52,47,47,42,28,22,21,21,21,21
36,18,9,9
21,18,15,15,10,10
33,33,27,13,10,10
62,33,29,28,28,28,28,28
57,56,32,29,25,21,21,21,21
41,41,25,16,16,16
44,14,10,10
67,67,65,65,62,54,49,26,23,17,17,17,17,8,8
66,36,16,16,16
47,44,44,29,18,1,1
25,25,19,19,19
8,8
42,42,38,38,38,37,36,17,17,17
49,49,49,24,19,19,19,19,19,19,19,19
33,28,24,24,18,17,12,2,2
47,44,44,44,44,22,22,22,22,22,8,8
40,36,35,35,28,27,27,27
64,37,30,9,9
66,36,35,35,28,28,26,26,26
54,54,53,50,50,50,50
63,54,54,54,48,31,23,23,12,11,5,5
58,33,26,19,19,19,19
59,59,56,51,51,27,27,27
24,23,19,19,10,10
64,58,56,53,49,49,43,43,31,27,27,11,11,11,11,11
67,67,66,40,12,7,7
51,48,48,48
34,34,32,32,32,32,16,14,8,8
65,35,9,9
39,36,17,15,1,1
39,30,30,27,23,22,22,15,15,15,15,15
52,52,28,24,24,24
63,63,61,61,34,11,7,7
29,25,9,9
46,46,37,25,24,20,20,20,16,16,16
41,41,41,36,35,35,35
42,21,20,20,20,20,20,3,3
56,49,46,46,46
45,40,30,28,28,15,15,15
64,64,63,36,27,23,9,9
59,54,48,48,48
34,28,25,25,20,9,9
26,17,17,4,4
43,37,37,37
48,34,34,34,25,25,13,13,13,13
19,15,9,9
64,43,15,10,10
34,33,33,25,21,17,17,16,16,11,1,1
53,53,48,48,46,46,39,39,39
39,39,39,36,26,20,16,15,15,15
62,46,40,33,32,32,32,32
45,36,36,36
45,42,41,41,40,22,16,16,16,7,7
42,33,30,18,11,10,10
48,48,48,46,40,34,34,26,20,20,20
64,41,33,24,24,24
11,6,6
52,48,40,40,31,11,10,10
45,37,14,12,12,9,9
31,7,7
60,52,51,45,42,36,36,36
64,64,56,56,56
42,22,1,1
41,41,11,1,1
50,47,24,20,20,20,20,15,15,15
21,21,14,14,8,8
52,44,36,31,31,31,19,19,19,19,19,19,19,19,19
32,32,25,19,13,3,3
63,57,57,52,34,34,21,19,19,19,19
68,53,51,51,51
33,25,25,25,25,23,18,18,18,18,18,18
62,60,51,47,22,22,22,22,12,12,12,12,12,12
32,32,32,32,30,30,30,30,30
58,29,26,26,20,20,20
56,55,30,10,10
39,33,25,25,25,14,13,13,0
40,13,10,10
43,38,35,35,35,35,35
42,37,33,17,14,14,10,10
43,39,39,39
48,48,47,42,38,16,12,10,10
63,63,59,50,49,23,17,17,17,17,17,17
46,38,37,30,25,25,22,16,16,16,5,5
45,24,24,16,16,16,14,0
59,59,51,49,27,14,14,3,3
47,38,28,26,21,16,16,4,4
62,61,56,56,56,56,29,29,27,11,7,7
49,40,14,14,9,9
32,32,29,27,27,25,22,11,7,7
45,37,20,20,16,16,16
25,25,9,9
57,30,10,10
61,53,52,23,22,15,15,15,15,15,12,12,12
66,36,28,26,26,26
33,25,25,21,21,21,21,21,21,21,21
71,65,58,55,46,22,22,22,16,16,16,16,16,5,5
30,24,19,19,19,17,17,13,2,2
39,29,12,12,12,11,11,11,11,11,11
80,54,51,47,41,33,33,27,10,10
62,62,57,53,35,14,9,9
62,53,49,49,46,41,41,36,32,22,22,22
62,32,24,21,21,21,21,21,7,7
40,40,40,38,37,37,37
12,12,8,8
41,15,3,3
43,42,40,38,15,15,15
23,23,23,19,19,12,12,11,11,11
38,38,36,20,12,12,12,12
50,50,41,15,7,7
73,73,73
56,55,30,27,19,0
65,64,59,52,35,33,13,13,3,3
2,2
26,5,5
67,67,67,58,51,51,51,27,9,9
52,37,37,33,33,30,30,30,25,25,25,25
46,46,46,46,39,36,36,36,36,36,36,16,16,16
64,57,57,57
54,24,10,10
79,49,47,47,25,25,17,14,14,14
63,35,35,33,27,27,22,10,10
66,40,40,40
45,43,18,16,11,11,11
36,36,27,27,27,27,27
37,32,28,15,15,15,15,1,1
41,38,38,33,33,33,33,33,17,15,15,15
32,31,31,27,27,27
68,64,62,55,30,30,13,11,1,1
51,42,34,29,29,24,10,10
73,43,41,21,21,2,2
41,38,38,34,34,34,34,34,34
17,13,10,10
40,40,35,16,15,15,15,15,15
36,32,32,21,21,17,17,17
46,29,24,19,19,19,19,19,19
37,11,11,11,11
36,34,34,34,34,34,30,15,14,14,14,14
57,55,50,27,24,19,19,19,19
57,53,49,27,22,10,10
55,36,36,13,7,7
69,66,36,36,34,34,34,34,34
67,62,32,26,25,18,18,18
31,28,28,28,26,26,26,26,26
32,13,13,8,8
67,67,59,31,27,23,23,23,10,10
59,32,25,17,13,13,13,12,12,4,4
63,63,60,35,11,11,11,11
36,28,16,10,10
53,23,15,15,15,15
47,45,36,11,11,11
48,48,41,39,25,20,20,20
0
57,35,33,24,21,20,18,18,18
37,35,35,13,13,12,12,12
58,54,54,29,24,24,24,24,7,7
71,69,68,68,42,18,18,15,1,1
41,40,34,34,29,24,24,23,22,22,22,22,22
44,41,29,29,29
72,70,70,46,45,36,33,33,25,25,25
44,44,35,35,34,34,34,32,30,10,10
65,65,35,32,25,25,19,16,16,16,16
61,61,54,53,37,31,31,25,25,16,16,16
19,17,17,17,13,13,13,13,13,13
40,40,40,37,30,28,21,15,6,6
49,45,44,44,44,44,34,25,25,25
59,58,39,30,20,20,20,20,20,20,20
59,59,53,52,34,26,26,25,25,25,23,23,19,8,8
47,47,47,43,28,28,28
47,47,47,39,33,32,24,16,16,16,16
71,66,38,38,33,33,32,32,32
41,35,35,33,33,33
61,49,49,49,43,43,43,42,38,18,4,4
63,61,57,40,18,12,12,12,0
54,47,47,45,44,18,5,5
43,41,36,36,36,36
58,56,31,29,24,22,9,9
69,67,62,62,55,40,17,15,15,15
37,27,26,4,4
25,25,20,19,17,17,17
72,64,58,52,30,28,27,23,23,23,23
68,66,44,44,44
62,32,28,28,21,15,15,13,13,13,13
20,20,12,11,11,11,11,11
34,32,26,26,25,25,25
37,28,23,23,23,23,23
41,33,28,24,13,13,13,13,10,10
37,37,33,29,17,17,1,1
39,39,18,11,9,9
57,52,52,52,49,29,22,22,15,15,15
57,57,35,35,35,33,32,32,31,30,30,11,11,11
46,44,30,30,29,29,29
34,29,29,23,23,23,20,20,20,20,20,20
45,29,26,22,20,20,6,6
69,69,60,54,37,37,18,18,18,1,1
33,25,12,12,12
64,62,58,32,27,10,10
68,41,32,32,31,14,14,14
57,57,57,43,42,39,18,18,18,18,18,18
75,70,70,64,60,32,25,23,9,9
65,64,50,50,41,38,31,25,23,23,23,23
41,37,17,1,1
52,46,41,15,10,10
56,56,49,49,49
46,40,40,31,30,26,25,21,21,20,18,18,7,7
42,13,13,8,8
46,17,15,11,4,4
67,62,62,62,37,36,33,16,16,16
72,44,42,19,12,12,12,12,10,10
66,37,37,32,30,27,27,27
66,66,36,30,30,28,28,28,25,25,25
51,41,41,31,31,25,23,23,23,23
63,58,50,50,50,45,39,35,25,25,25,25
50,23,23,18,18,18
48,46,46,40,34,24,24,24,24,24,24,24,11,11,11
68,38,31,31,29,29,22,22,22,17,17,17,17
59,57,49,46,41,41,28,28,28
32,22,11,1,1
35,30,24,24,24,24,13,8,8
63,33,31,10,10
67,62,60,58,58,58

Player 1 Time: 
0.024000000208616257,0.027000000700354576,0.03200000151991844,0.028999999165534973,0.0
27.477000832557678,0.7590000033378601,0.029999999329447746,0.017000000923871994,0.04400000150781125,0.019999999552965164,0.0
0.9079999905079603,0.020999999716877937,0.024000000208616257,0.019999999552965164,0.027000000700354576,0.029999999213032424,0.0,0.0
20.54099953174591,0.02199999988079071,1.3450000286102295,0.7299999723909423,0.020999999716877937,0.017999999225139618,0.019999999552965164,0.0,0.0
0.02500000037252903,0.5199999809265137,0.028000000747852027,0.03700000047683716,1.5169999599456787,0.04500000178813934,0.03999999910593033,0.03999999910593033,0.0
0.026000000536441803,0.035999998450279236,0.028999999165534973,0.02500000037252903,0.028999999165534973,0.0
18.453000854700804,0.020999999716877937,0.01899999938905239,0.020999999600462615,0.02500000037252903,0.017999999225139618,0.017999999225139618,0.024000000208616257,0.0,0.0
25.497999344021082,0.03700000047683716,0.029999999329447746,0.027000000700354576,0.03200000151991844,0.03099999949336052,0.0,0.0
2.0480000972747803,0.024000000208616257,2.2019999027252197,0.14499999582767487,0.062000000732950866,0.032999999821186066,0.0,0.0
0.02800000086426735,1.3539999723434448,0.5630000233650208,0.024000000208616257,0.02500000037252903,0.03099999949336052,0.029999999329447746,0.028999999165534973,0.0
19.13899922184646,0.02500000037252903,0.6579999923706055,0.027000000700354576,0.02800000086426735,0.027000000583939254,0.0
23.04000014066696,0.026000000536441803,0.06300000101327896,2.940999984741211,0.0
1.3220000118017197,0.02500000037252903,0.02500000037252903,0.032999999821186066,0.027000000700354576,0.765999972820282,0.023000000044703484,0.02800000086426735,0.028999999165534973,0.02800000086426735,0.0,0.0
0.023000000044703484,0.023000000044703484,0.023000000044703484,0.7609999775886536,0.02800000086426735,0.026000000536441803,0.0,0.0
0.5920000076293945,0.02199999988079071,0.024000000208616257,0.020999999716877937,0.02500000037252903,0.032999999821186066,0.03999999910593033,0.02500000037252903,0.0,0.0
0.026000000536441803,0.035999998450279236,1.3359999656677246,0.0
0.22100000083446503,0.02199999988079071,0.029999999329447746,0.03999999910593033,0.03400000184774399,0.027000000700354576,0.0
20.729000214487314,0.023000000044703484,0.027000000700354576,0.0,0.0
0.026000000536441803,0.6460000276565552,0.028999999165534973,0.03399999986868352,0.028999999165534973,0.03099999949336052,0.0,0.0
0.027000000700354576,0.019999999552965164,0.028999999165534973,0.02199999988079071,0.02199999988079071,0.017000000923871994,0.03700000047683716,0.023000000044703484,0.01600000075995922,0.015999999712221324,0.0
19.669999649748206,0.026000000536441803,0.02500000037252903,0.032999999821186066,0.03999999910593033,0.0
0.026000000536441803,0.024000000208616257,0.04800000041723251,0.024000000208616257,0.0
21.907000549137592,0.02800000086426735,0.7860000133514404,0.13699999451637268,0.0
19.489999894052744,0.027000000700354576,0.03700000047683716,0.05299999937415123,0.0560000017285347,0.05400000140070915,0.05299999937415123,0.051999999093823135,0.035999998450279236,0.03200000151991844,0.03400000184774399,0.0,0.0
0.02500000037252903,0.01899999938905239,0.01899999938905239,0.026000000536441803,0.020999999716877937,0.017999999225139618,0.023000000044703484,0.020999999716877937,0.01600000075995922,0.017000000923871994,0.01899999938905239,0.0
22.801000893115997,0.675000011920929,0.02800000086426735,0.6190000176429749,0.02199999988079071,0.7279999852180481,0.02800000086426735,0.023000000044703484,0.02199999976437539,0.01899999938905239,0.0
20.927999328821898,0.03200000151991844,0.030999999376945198,0.023000000044703484,0.032999999821186066,0.0,0.0
0.023000000044703484,0.7170000076293945,1.1950000524520874,0.026000000536441803,0.05000000074505806,0.0
0.026000000536441803,0.019999999552965164,0.024000000208616257,0.02500000037252903,0.013000000268220901,0.0
19.772999800741673,2.194999933242798,0.5709999799728394,0.019999999552965164,2.3499999046325684,0.026000000536441803,0.023000000044703484,0.024000000208616257,0.0
20.00100076198578,0.6010000109672546,0.028999999165534973,0.023000000044703484,0.028999999165534973,1.00600004196167,0.03500000014901161,0.028999999165534973,0.032999999821186066,0.019999999552965164,0.06199999898672104,0.014999999664723873,0.01899999938905239,0.0,0.0
0.02500000037252903,0.02199999988079071,0.01899999938905239,0.020999999716877937,3.930999994277954,0.7369999885559082,0.8389999866485596,0.8230000138282776,0.027000000700354576,0.02800000086426735,0.024000000208616257,0.0,0.0
1.8350000381469727,0.5950000286102295,0.028999999165534973,2.1589999198913574,1.8910000324249268,0.027000000700354576,0.023000000044703484,0.01300000015180558,0.0
19.919999908655882,0.02199999988079071,0.02199999988079071,0.8679999709129333,0.0430000014603138,0.03799999877810478,0.029999999329447746,0.023000000044703484,0.013000000268220901,0.0,0.0
0.027000000700354576,0.024000000208616257,0.020999999716877937,0.019999999552965164,0.01899999938905239,1.152999997138977,0.026000000536441803,0.027000000700354576,0.02800000086426735,0.024000000208616257,0.0010000000474974513
20.03300077840686,0.02800000086426735,0.026000000536441803,0.0,0.0
0.02500000037252903,1.8350000381469727,0.6389999985694885,0.02199999988079071,0.010999999940395355,0.012000000104308128,0.010999999940395355,0.03399999986868352,0.0
20.526000201702118,0.030999999376945198,0.014999999664723873,0.029999999329447746,0.04600000008940697,0.017000000923871994,0.02199999988079071,0.0,0.0
0.7730000019073486,0.550000011920929,1.1979999542236328,11.244000434875488,0.020999999716877937,0.022999999928288162,0.0
21.964999984949827,0.7129999995231628,0.7459999918937683,0.6800000071525574,0.027000000700354576,0.028999999165534973,0.847000002861023,0.052000001072883606,0.03999999910593033,0.0
0.24299999501090497,0.026000000536441803,0.029999999329447746,0.027000000700354576,0.032999999821186066,0.03700000047683716,0.03500000014901161,0.0,0.0
0.026000000536441803,0.03099999949336052,0.02500000037252903,0.027000000700354576,0.03799999877810478,0.0010000000474974513,0.0
0.03099999949336052,0.8489999771118164,0.03099999949336052,0.029999999329447746,0.024000000208616257,0.024000000208616257,0.0,0.0
0.024000000208616257,0.02199999988079071,0.020999999600462615,0.01899999938905239,0.03200000151991844,0.0,0.0
0.026000000536441803,0.024000000208616257,0.026000000536441803,0.9449999928474426,0.02800000086426735,0.0,0.0
0.026000000536441803,0.7649999856948853,0.026000000536441803,0.02199999988079071,0.0
21.83300030604005,0.029999999329447746,0.0
1.2560000121593475,1.25600004196167,0.0
0.02199999988079071,0.02800000086426735,0.023000000044703484,0.02800000086426735,0.017000000923871994,0.0
26.92399906925857,0.01899999938905239,0.0
20.814999816939235,2.0360000133514404,1.0440000295639038,1.3650000095367432,0.03099999949336052,1.25,0.039000000804662704,1.621999979019165,0.9210000038146973,0.03099999949336052,0.0,0.0
0.024000000208616257,0.8529999852180481,0.5519999861717224,0.017999999225139618,0.024000000208616257,0.020999999716877937,0.020999999716877937,0.029999999329447746,0.01600000075995922,0.012000000104308128,0.0
0.024000000208616257,0.020999999716877937,1.121000051498413,0.020999999716877937,0.02199999988079071,0.02199999988079071,0.03099999949336052,0.023000000044703484,0.0
19.823999237269163,0.03200000151991844,0.02199999988079071,0.02500000037252903,0.0,0.0
0.02500000037252903,0.024000000208616257,1.2999999523162842,0.02800000086426735,0.03700000047683716,0.029999999329447746,0.0,0.0
0.02199999988079071,0.029999999329447746,0.02800000086426735,0.017000000923871994,0.0
20.50800061225891,0.028999999165534973,1.0420000553131104,1.965999960899353,0.8169999718666077,0.023000000044703484,0.028999999165534973,0.020999999716877937,0.02500000037252903,0.02199999988079071,0.0,0.0
0.024000000208616257,0.02500000037252903,0.02500000037252903,0.024000000208616257,0.02500000037252903,0.028999999165534973,0.023000000044703484,0.02500000037252903,0.028999999165534973,0.0,0.0
0.02500000037252903,0.020999999716877937,0.023000000044703484,0.019999999552965164,0.023000000044703484,0.017999999225139618,0.0,0.0
0.8259999752044678,0.026000000536441803,0.024000000208616257,0.023000000044703484,0.02199999988079071,0.6869999766349792,0.02199999988079071,0.019999999552965164,0.024000000208616257,0.0
23.95599937438965,0.024000000208616257,0.023000000044703484,0.02800000086426735,0.5230000019073486,0.0,0.0
0.026000000536441803,0.7639999985694885,0.03099999949336052,0.03500000014901161,0.03400000184774399,0.028999999165534973,0.03500000014901161,0.0,0.0
0.028999999165534973,0.05999999865889549,0.02199999976437539,0.03500000014901161,0.023000000044703484,0.027000000700354576,0.02500000037252903,0.01600000075995922,0.0
21.259000351652503,0.02500000037252903,0.027000000700354576,0.027000000700354576,0.024000000208616257,0.018000000971369445,0.02500000037252903,0.050999999046325684,0.0
19.935999298468232,0.02800000086426735,0.8360000252723694,0.027000000700354576,0.02500000037252903,0.02500000037252903,0.0,0.0
0.024000000208616257,0.020999999716877937,0.02500000037252903,0.03099999949336052,0.024000000208616257,0.01600000075995922,0.0
20.83499917574227,0.026000000536441803,0.013000000268220901,0.0
19.569999158382416,0.5550000071525574,0.023000000044703484,0.02199999976437539,0.029999999329447746,0.0430000014603138,0.035999998450279236,0.05299999937415123,0.03200000151991844,0.0
21.88899922184646,0.5120000243186951,0.023000000044703484,0.023000000044703484,0.0
19.894000839442015,0.03200000151991844,0.028999999165534973,0.032999999821186066,0.032999999821186066,0.8040000200271606,0.029999999329447746,0.03200000151991844,0.039000000804662704,0.026000000536441803,0.01600000075995922,0.010999999940395355,0.0
0.026000000536441803,0.027000000700354576,0.5450000166893005,0.019999999552965164,0.019999999552965164,0.0,0.0
0.03200000151991844,0.6700000166893005,0.019999999552965164,0.026000000536441803,0.028999999165534973,0.03099999949336052,0.024000000208616257,0.02199999988079071,0.019999999552965164,0.017000000923871994,0.015000000479631126,0.01600000075995922,0.020999999716877937,0.012000000104308128,0.0
0.8640000205487013,0.019999999552965164,0.023000000044703484,0.019999999552965164,0.024000000208616257,0.019999999552965164,0.019999999552965164,0.017000000923871994,0.017999999225139618,0.01899999938905239,0.01600000075995922,0.017000000923871994,0.0
19.683000396937132,0.6100000143051147,0.7620000243186951,0.032999999821186066,0.04100000113248825,0.03999999910593033,0.03999999910593033,0.03400000184774399,0.03500000014901161,0.027000000583939254,0.026000000536441803,0.02600000042002648,0.010999999940395355,0.0
25.911000229418278,0.02500000037252903,0.02500000037252903,0.01899999938905239,0.02500000037252903,0.0
20.246000671759248,0.5979999899864197,0.02500000037252903,0.032999999821186066,0.03999999910593033,0.04399999976158142,7.98799991607666,0.035999998450279236,0.027000000700354576,0.026000000536441803,0.0,0.0
0.6000000238418579,0.02500000037252903,0.028999999165534973,0.024000000208616257,0.026000000536441803,0.024000000208616257,0.0
20.586999755352736,0.02500000037252903,0.02500000037252903,0.03200000151991844,0.03099999949336052,0.0,0.0
0.029999999329447746,0.023000000044703484,0.02500000037252903,0.02800000086426735,0.028999999165534973,0.024000000092200935,0.03099999949336052,0.024000000208616257,0.019999999552965164,0.023000000044703484,0.0,0.0
0.023000000044703484,0.020999999716877937,0.024000000208616257,0.024000000208616257,0.014999999664723873,0.0
23.764000579714775,0.02199999988079071,0.024000000208616257,0.023000000044703484,0.6119999885559082,1.6410000324249268,0.0,0.0
0.024000000208616257,0.5189999938011169,0.019999999552965164,0.531000018119812,0.6299999952316284,1.4599999914644286,0.023000000044703484,0.017999999225139618,0.01899999927263707,0.0
21.004000900313258,0.027000000700354576,0.03700000047683716,0.0,0.0
0.024000000208616257,0.531000018119812,0.024000000208616257,0.028999999165534973,0.0290000009117648,0.01899999938905239,0.019999999552965164,0.0,0.0
0.7559999823570251,0.0,0.0
0.03099999949336052,0.022999999928288162,0.02500000037252903,0.7710000276565552,0.9630000124452636,0.024000000092200935,0.0,0.0
0.024000000208616257,0.5889999866485596,0.024000000208616257,0.024000000208616257,0.02199999988079071,0.6050000190734863,0.024000000092200935,0.0,0.0
0.9959999918937683,0.6909999847412109,0.026000000536441803,0.03500000014901161,0.03200000151991844,0.026000000536441803,0.029999999329447746,0.029999999329447746,0.0
25.131999731063843,0.6909999847412109,1.722000002861023,3.2909998893737793,0.6600000262260437,0.04399999976158142,0.057999998331069946,0.0,0.0
0.02500000037252903,0.02199999988079071,0.7129999995231628,0.029999999329447746,0.03200000151991844,0.014000000432133675,0.03799999877810478,0.0
0.7570000141859055,0.024000000208616257,0.023000000044703484,0.02199999988079071,0.02199999988079071,0.0,0.0
0.023000000044703484,0.024000000208616257,0.02600000042002648,0.027000000700354576,0.08500000089406967,0.03099999949336052,0.0,0.0
0.026000000536441803,0.761999977636151,1.0289999971864745,0.7120000123977661,0.03400000184774399,0.02800000086426735,0.0
26.50199931487441,0.03200000151991844,0.0430000014603138,0.1080000028014183,0.04100000113248825,0.015999999712221324,0.0
19.406000519171357,0.026000000536441803,0.0,0.0
0.023000000044703484,0.5220000147819519,0.023000000044703484,0.02199999988079071,0.020999999716877937,0.5640000104904175,0.01899999938905239,0.019999999552965164,0.014000000432133675,0.01899999938905239,0.0,0.0
0.7329999804496765,0.026000000536441803,0.028999999165534973,0.06199999898672104,0.01899999938905239,0.0
0.22300000675022602,0.023000000044703484,0.019999999552965164,0.023000000044703484,0.01899999938905239,1.5720000267028809,0.017999999225139618,0.024000000208616257,0.024000000208616257,0.017000000923871994,0.019999999552965164,0.014000000432133675,0.03400000184774399,0.022999999928288162,0.0,0.0
0.026000000536441803,0.6240000128746033,0.02500000037252903,1.5499999523162842,0.02199999988079071,0.027000000700354576,0.027000000700354576,1.3250000476837158,0.0
26.441999558359385,0.03400000184774399,0.027000000583939254,0.030999999376945198,0.0
22.85999934375286,0.026000000536441803,0.028999999165534973,0.02500000037252903,0.03199999954085797,0.03500000014901161,0.01899999938905239,0.0,0.0
0.5389999747276306,0.024000000208616257,0.023000000044703484,0.024000000208616257,0.027000000700354576,0.026000000536441803,0.02500000037252903,0.02500000037252903,0.024000000208616257,0.01899999938905239,0.020999999716877937,0.0
0.3040000144392252,0.023000000044703484,0.023000000044703484,0.02500000037252903,0.027000000700354576,0.02199999988079071,0.02500000037252903,0.0
20.57799994945526,0.5109999775886536,0.01899999938905239,0.02199999988079071,0.02500000037252903,0.019999999552965164,0.017999999225139618,0.01899999938905239,0.019999999552965164,0.0
0.035999998450279236,0.030999999376945198,0.0,0.0
0.027000000700354576,0.656000018119812,0.022999999928288162,0.04500000178813934,0.024000000208616257,0.023000000044703484,0.02800000086426735,0.0
0.029999999329447746,0.026000000536441803,0.5950000286102295,0.02500000037252903,0.024000000208616257,0.02500000037252903,0.024000000092200935,0.01899999938905239,0.017999999225139618,0.017000000923871994,0.024000000208616257,0.0,0.0
0.7749999761581421,1.4049999713897705,0.6759999990463257,0.023000000044703484,0.01600000075995922,0.04499999980907887,0.02800000086426735,0.030999999376945198,0.023000000044703484,2.309000015258789,0.0
31.036000778898597,0.029999999329447746,0.04500000178813934,0.0560000017285347,0.29600000381469727,0.0
18.87800009176135,0.028999999165534973,0.04099999915342778,0.032999999821186066,0.0,0.0
0.02500000037252903,0.032999999821186066,0.02500000037252903,2.493000030517578,1.1670000553131104,0.028999999165534973,0.023000000044703484,0.02500000037252903,0.02500000037252903,0.0,0.0
0.020999999716877937,0.026000000536441803,0.02800000086426735,0.0430000014603138,0.03500000014901161,0.026000000536441803,0.0
22.52000029012561,1.218000054359436,3.436000108718872,0.023000000044703484,0.6959999799728394,0.029999999329447746,0.023000000044703484,0.027000000700354576,0.05700000002980232,0.024000000208616257,0.023000000044703484,0.02500000037252903,0.0,0.0
0.020999999716877937,0.020999999716877937,0.019999999552965164,0.02199999988079071,0.02199999988079071,0.020999999716877937,0.01899999938905239,0.019999999552965164,0.017000000923871994,0.020999999716877937,0.0,0.0
0.026000000536441803,0.024000000208616257,0.026000000536441803,0.027000000700354576,0.029999999329447746,0.026000000536441803,0.022999999928288162,0.02199999988079071,0.012000000104308128,0.012000000104308128,0.01600000075995922,0.013000000268220901,0.0,0.0
0.02199999988079071,0.828000009059906,0.023000000044703484,0.019999999552965164,0.027000000700354576,0.03200000151991844,0.02199999988079071,0.028999999165534973,0.017999999225139618,0.020999999716877937,0.024000000208616257,0.0
20.015999222174287,0.027000000700354576,0.017999999225139618,0.03799999877810478,0.014999999664723873,0.0,0.0
1.0069999694824219,0.028999999165534973,0.032999999821186066,0.04100000113248825,0.42500001192092896,2.1040000915527344,0.03400000184774399,1.5499999523162842,0.02800000086426735,0.023000000044703484,0.02800000086426735,0.0,0.0
0.026000000536441803,0.02800000086426735,0.028999999165534973,0.024000000208616257,0.0,0.0
0.02500000037252903,1.0449999570846558,0.028999999165534973,0.026000000536441803,0.8050000071525574,0.026000000536441803,0.03500000014901161,0.02199999988079071,0.0,0.0
0.02800000086426735,0.5270000100135803,0.02500000037252903,0.024000000208616257,0.026000000536441803,0.027000000583939254,0.01899999938905239,0.017999999225139618,0.017999999225139618,0.023000000044703484,0.018000000971369445,0.0,0.0
0.024000000208616257,0.02800000086426735,2.4860000610351562,0.020999999716877937,0.6970000267028809,0.035999998450279236,0.03700000047683716,0.03099999949336052,0.02800000086426735,5.163000106811523,0.02500000037252903,0.0,0.0
0.02199999988079071,0.8109999895095825,0.02199999988079071,0.02500000037252903,0.024000000208616257,0.02800000086426735,0.0,0.0
2.197999954223633,0.028999999165534973,0.027000000700354576,0.02500000037252903,0.0,0.0
0.02500000037252903,0.026000000536441803,0.0,0.0
7.558000087738037,0.02500000037252903,0.8119999766349792,0.0
20.47399966418743,0.028999999165534973,0.02800000086426735,0.02199999988079071,0.024000000208616257,0.035999998450279236,0.023000000044703484,0.027000000700354576,0.0,0.0
0.028999999165534973,1.3650000095367432,1.6990000009536743,0.029999999329447746,0.8320000171661377,0.026000000536441803,0.0,0.0
0.03099999949336052,0.039000000804662704,0.03099999949336052,0.028999999165534973,0.04500000178813934,0.04500000178813934,0.0560000017285347,0.0,0.0
0.024000000208616257,0.024000000208616257,0.02800000086426735,0.03200000151991844,0.03700000047683716,0.03099999949336052,0.0
27.5479996483773,0.020999999716877937,0.02199999988079071,0.01899999938905239,0.013000000268220901,0.023000000044703484,0.0,0.0
0.02500000037252903,0.027000000700354576,0.024000000208616257,0.032999999821186066,0.028999999165534973,0.025000000256113708,0.0
0.017000000923871994,0.8899999856948853,0.019999999552965164,0.6430000066757202,0.04600000008940697,0.2939999997615814,0.0
20.860000491142273,0.023000000044703484,0.01899999938905239,0.02199999988079071,0.0
19.874000672250986,0.02500000037252903,0.020999999716877937,0.019999999552965164,0.019999999552965164,0.017999999225139618,0.01899999938905239,0.023000000044703484,0.01899999938905239,0.017999999225139618,0.017999999225139618,0.0
0.23800000175833702,0.024000000208616257,0.028999999165534973,2.556999921798706,0.027000000700354576,0.0
0.7609999775886536,0.028999999165534973,0.027000000700354576,0.025000000256113708,0.01899999938905239,0.0
23.434999227523804,0.028000000747852027,1.4559999704360962,0.026000000536441803,0.03400000184774399,0.7440000176429749,0.0
0.32099998742341995,1.4900000095367432,0.026000000536441803,0.0
0.6759999990463257,0.02500000037252903,0.03400000184774399,0.03400000184774399,0.028999999165534973,0.019999999436549842
19.316000655293465,0.03500000189524144,0.8550000190734863,0.019999999552965164,0.03099999949336052,0.02500000037252903,0.032999999821186066,0.0,0.0
0.027000000700354576,0.6660000085830688,0.028999999165534973,0.6309999823570251,0.02500000037252903,0.0,0.0
0.7870000004768372,0.027000000700354576,0.017000000923871994,0.0
20.73599946498871,1.100000023841858,0.052000001072883606,1.9759999513626099,0.03400000184774399,0.05299999937415123
0.024000000208616257,0.035999998450279236,0.024000000208616257,0.023000000044703484,0.02800000086426735,0.023000000044703484,0.024000000208616257,0.012000000104308128,0.0
20.691999197006226,4.072999954223633,0.012000000104308128,0.014999999664723873,0.014000000315718353,0.0,0.0
3.8269999027252197,0.0,0.0
0.03500000014901161,0.03500000014901161,0.05900000035762787,0.04699999839067459,0.023000000044703484,0.03400000184774399,0.017000000923871994,0.03200000151991844,0.0,0.0
0.028999999165534973,0.01600000075995922,0.019999999552965164,0.027000000700354576,0.04600000008940697,0.032999999821186066,0.03400000184774399,0.0,0.0
1.5230000019073486,0.026000000536441803,0.5550000071525574,0.023000000044703484,0.04699999839067459,0.020999999716877937,0.02199999988079071,0.01899999938905239,0.010999999940395355,0.019999999552965164,0.014000000432133675,0.0
2.2460000067949295,0.02199999988079071,0.023000000044703484,0.023000000044703484,0.029999999329447746,0.03200000151991844,1.6390000581741333,0.028999999165534973,0.020999999716877937,0.02199999988079071,0.020999999716877937,0.019999999552965164,0.017999999225139618,0.02199999988079071,0.019999999552965164,0.0,0.0
0.03500000014901161,0.024000000208616257,0.03799999877810478,0.08100000023841858,0.024000000208616257,0.02199999988079071,0.010999999940395355,0.012000000104308128,0.0,0.0
0.02500000037252903,0.024000000208616257,0.6579999923706055,0.024000000208616257,2.0280001163482666,0.023000000044703484,0.01899999938905239,0.0,0.0
0.024000000208616257,0.028999999165534973,0.0430000014603138,0.041999999433755875,0.03099999949336052,0.02500000037252903,0.039000000804662704,0.029999999213032424,0.02800000086426735,0.023000000044703484,0.023000000044703484,0.020999999716877937,0.026000000536441803,0.026000000536441803,0.01899999938905239,0.0,0.0
0.027000000700354576,0.028999999165534973,0.03099999949336052,0.01899999938905239,0.02199999988079071,0.0
0.25300000607967377,0.02800000086426735,1.74399995803833,0.03099999949336052,0.0
0.2460000030696392,0.029999999329447746,3.1470000743865967,0.023000000044703484,1.7380000352859497,0.027000000700354576,0.03700000047683716,0.0,0.0
0.023000000044703484,0.020999999716877937,0.02199999988079071,0.022999999928288162,0.02500000037252903,0.01899999938905239,0.01600000075995922,0.0,0.0
0.02500000037252903,0.02199999988079071,0.02500000037252903,0.027000000700354576,0.03500000014901161,0.02600000042002648,0.027000000700354576,0.024000000208616257,0.03400000184774399,0.027000000700354576,0.030999999376945198,0.0,0.0
0.023000000044703484,0.026000000536441803,0.023000000044703484,0.5709999799728394,0.5519999861717224,0.02500000037252903,0.0
0.2290000058710575,0.5090000033378601,0.023000000044703484,0.026000000536441803,0.03200000151991844,0.032999999821186066,0.0,0.0
0.026000000536441803,0.01899999938905239,0.024000000208616257,0.023000000044703484,0.022999999928288162,0.01899999938905239,0.01899999938905239,0.0,0.0
0.7170000076293945,0.02800000086426735,0.026000000536441803,0.0,0.0
0.02500000037252903,0.023000000044703484,0.023000000044703484,0.03500000014901161,0.03099999949336052,0.02800000086426735,0.0,0.0
0.023000000044703484,0.020999999716877937,0.024000000208616257,0.027000000700354576,0.02500000037252903,0.024000000208616257,0.028999999165534973,0.0,0.0
0.023000000044703484,0.026000000536441803,0.024000000208616257,0.027000000700354576,0.02800000086426735,0.0
19.95000004582107,0.02199999988079071,0.026000000536441803,0.019999999436549842,0.024000000208616257,0.023000000044703484,1.090999960899353,0.03500000014901161,0.0
19.73299963399768,0.028999999165534973,0.027000000700354576,0.027000000700354576,0.0
1.3919999673962593,0.029999999329447746,0.014999999664723873,0.03400000184774399,0.02800000086426735,0.020999999716877937,0.08799999952316284,0.03099999949336052,5.988999916124158,0.0
0.24199999496340752,0.5740000009536743,0.019999999552965164,1.0090000162599608,0.0,0.0
2.6679999828338623,0.6449999809265137,0.020999999716877937,0.029999999329447746,0.03700000047683716,0.03799999877810478,0.0
19.33700082451105,0.7390000224113464,0.026000000536441803,0.027000000700354576,0.0,0.0
0.026000000536441803,0.02800000086426735,0.027000000700354576,0.03099999949336052,0.027000000700354576,0.0,0.0
0.02600000042002648,0.027000000700354576,0.02800000086426735,0.030999999376945198,0.019999999552965164,0.027000000700354576,0.02500000037252903,0.02199999988079071,0.0
19.20900033414364,0.028999999165534973,0.02800000086426735,0.024000000208616257,0.02800000086426735,0.01899999938905239,0.019999999552965164,0.02500000037252903,0.0
21.844999969005585,0.027000000700354576,0.0430000014603138,1.24399995803833,0.039000000804662704,0.03400000184774399,0.032999999821186066,0.0,0.0
0.024000000208616257,0.020999999716877937,0.02500000037252903,0.02500000037252903,0.027000000700354576,0.032999999821186066,0.03099999949336052,0.023000000044703484,0.6460000276565552,0.0,0.0
0.023000000044703484,1.6080000400543213,0.032999999821186066,0.04600000008940697,0.032999999821186066,0.02500000037252903,0.03300000156741589,0.03099999949336052,0.0,0.0
0.7680000195978209,0.6159999966621399,0.024000000208616257,0.029999999213032424,0.0430000014603138,0.03500000014901161,0.03200000151991844,0.0,0.0
0.023000000044703484,0.020999999716877937,0.5720000267028809,0.020999999716877937,0.02500000037252903,0.0
24.774999976158142,0.020999999716877937,0.0,0.0
0.024000000208616257,0.6430000195978209,0.6179999709129333,0.028999999165534973,0.028000000747852027,0.02800000086426735,0.028999999165534973,0.02500000037252903,0.024000000208616257,0.027000000700354576,0.022999999928288162,0.0
5.055999994277954,0.7369999885559082,0.03099999949336052,0.052000001072883606,0.0
2.200000047683716,0.03099999949336052,0.02800000086426735,0.03099999949336052,0.0,0.0
0.024000000208616257,0.675000011920929,0.01600000075995922,0.027000000700354576,0.024000000208616257,0.03999999910593033,0.023000000044703484,0.0
20.37600004673004,0.023000000044703484,0.023000000044703484,0.02199999988079071,0.017999999225139618,0.030999999376945198,0.02500000037252903,0.029999999329447746,0.0,0.0
1.4709999561309814,0.02500000037252903,0.019999999552965164,0.022999999928288162,0.02500000037252903,0.039000000804662704,0.020999999716877937,0.02199999988079071,0.01899999938905239,0.019999999552965164,0.01899999938905239,0.023000000044703484,0.020999999716877937,0.01600000075995922,0.0
20.341000273823738,0.019999999552965164,1.1339999437332153,0.020999999716877937,0.02199999988079071,0.023000000044703484,0.023000000044703484,0.023000000044703484,0.017999999225139618,0.01600000075995922,0.0
19.128999542444944,0.023000000044703484,0.02199999988079071,0.019999999552965164,0.019999999552965164,0.5090000033378601,0.017999999225139618,0.020999999716877937,0.023000000044703484,0.019999999552965164,0.019999999552965164,0.0,0.0
0.027000000700354576,0.029999999329447746,0.027000000700354576,1.7970000038621947,2.382999897003174,0.027000000700354576,0.02800000086426735,0.028999999165534973,0.0
0.02500000037252903,0.024000000092200935,0.03200000151991844,0.028999999165534973,0.020999999716877937,0.020999999716877937,0.02199999988079071,0.020999999716877937,0.01899999938905239,0.02199999988079071,0.010999999940395355,0.008999999612569809,0.0,0.0
0.023000000044703484,0.028999999165534973,0.024000000208616257,0.032999999821186066,0.03699999849777669,0.027000000700354576,0.0
21.59199914522469,0.026000000536441803,0.023000000044703484,0.02500000037252903,0.023000000044703484,0.028999999165534973,0.028999999165534973,0.0,0.0
0.02500000037252903,0.027000000700354576,0.023000000044703484,0.02500000037252903,0.03099999949336052,0.032999999821186066,0.02800000086426735,0.014000000432133675,0.0
0.23000000044703484,0.026000000536441803,0.028999999165534973,1.0140000114915892,1.069000005722046,0.03199999954085797,0.029999999329447746,0.0
21.656000554561615,0.024000000208616257,0.02199999988079071,0.023000000044703484,0.019999999552965164,0.026000000536441803,0.023000000044703484,0.01899999938905239,0.0,0.0
0.5289999842643738,0.02199999988079071,0.9539999961853027,0.04100000113248825,0.03099999949336052,0.0,0.0
0.020999999716877937,0.02199999988079071,0.020999999716877937,0.020999999716877937,0.019999999552965164,0.02500000037252903,0.03099999949336052,0.0,0.0
0.026000000536441803,0.02800000086426735,0.02500000037252903,0.023000000044703484,0.017000000807456672,0.024000000208616257,0.020999999716877937,0.0
0.2509999945759773,1.7589999437332153,0.5199999809265137,0.02199999988079071,0.02500000037252903,0.020999999716877937,1.253000020980835,0.0,0.0
0.02500000037252903,0.027000000700354576,1.4630000591278076,0.03999999910593033,0.03700000047683716,0.041999999433755875,0.03799999877810478,0.0
19.294999100267887,0.024000000208616257,0.6880000233650208,0.019999999552965164,0.02800000086426735,0.02199999988079071,0.019999999552965164,0.01600000075995922,0.017000000923871994,0.0,0.0
0.8379999995231628,0.024000000208616257,0.026000000536441803,0.02199999988079071,0.0,0.0
0.593999981880188,0.035999998450279236,0.03799999877810478,0.04500000178813934,0.0
0.2639999948441982,4.453999996185303,0.014999999664723873,0.0,0.0
0.03200000151991844,0.028999999165534973,0.02800000086426735,0.02800000086426735,0.028999999165534973,0.0,0.0
0.026000000536441803,0.02500000037252903,0.028999999165534973,0.03200000151991844,0.026000000536441803,0.028999999165534973,0.027000000700354576,0.0
2.5769999027252197,0.026000000536441803,0.02800000086426735,0.02199999988079071,0.028999999165534973,0.020999999716877937,0.02800000086426735,0.024000000208616257,0.0,0.0
0.024000000208616257,0.023000000044703484,0.02199999988079071,0.02199999988079071,0.00800000037997961,0.02199999988079071,0.023000000044703484,0.0
19.35600073263049,0.023000000044703484,0.019999999552965164,1.2109999656677246,0.024000000208616257,0.02500000037252903,0.027000000583939254,0.0
0.02500000037252903,0.020999999716877937,0.01899999938905239,0.02199999988079071,0.028999999165534973,0.03899999882560223,0.032999999821186066,0.03799999877810478,0.0
21.855999886989594,0.8090000152587891,0.020999999716877937,0.02199999988079071,0.020999999600462615,0.0,0.0
0.6179999709129333,0.023000000044703484,0.02199999988079071,0.024000000208616257,0.026000000536441803,0.024000000208616257,0.027000000700354576,0.01899999927263707,0.017999999225139618,0.009999999776482582,0.0,0.0
0.032999999821186066,1.1920000314712524,0.027000000700354576,0.0,0.0
0.028999999165534973,0.029999999329447746,0.035999998450279236,0.02199999988079071,0.0
0.7530000358819962,0.024000000208616257,0.023000000044703484,0.026000000536441803,0.5789999961853027,0.020999999716877937,0.01899999938905239,0.019999999552965164,0.020999999716877937,1.2619999647140503,0.023000000044703484,0.024000000208616257,0.0,0.0
0.026000000536441803,0.026000000536441803,1.99399995803833,0.020999999716877937,0.02199999988079071,0.012000000104308128,0.0
19.436999797821045,0.020999999716877937,0.019999999552965164,0.019999999552965164,0.020999999716877937,0.492000013589859,0.017000000923871994,0.01899999938905239,0.028999999165534973,0.0
0.232999999076128,0.7419999837875366,1.2940000295639038,0.0,0.0
0.027000000700354576,0.032999999821186066,0.05999999865889549,2.0959999561309814,0.03500000014901161,0.0
0.252999996766448,1.0069999694824219,0.03200000151991844,0.027000000700354576,0.032999999821186066,0.0
21.09900015592575,0.7409999966621399,0.02800000086426735,0.03099999949336052,0.0
0.02500000037252903,0.02800000086426735,0.02800000086426735,0.7239999900339171,0.032999999821186066,0.22100000083446503,0.0
20.30999984778464,0.020999999716877937,0.019999999552965164,0.02199999988079071,0.017999999225139618,0.019999999552965164,0.020999999716877937,0.019999999552965164,0.03500000014901161,0.03099999949336052,0.03400000184774399,0.0,0.0
0.024000000208616257,1.0839999914169312,0.03500000014901161,0.0
26.173000717535615,0.03400000184774399,0.828000009059906,0.20000000298023224,0.04699999839067459,0.0
20.94500091485679,0.026000000536441803,0.03200000151991844,0.028999999165534973,0.04700000013690442,0.0
19.68900065671187,0.020999999716877937,2.49399995803833,3.7209999561309814,8.09800012211781,3.687000036239624,0.0,0.0
2.2330000400543213,0.023000000044703484,0.02500000037252903,0.02500000037252903,0.017999999225139618,0.019999999552965164,0.014000000432133675,0.0,0.0
0.026000000536441803,0.028999999165534973,0.029999999329447746,0.029999999329447746,0.0,0.0
0.024000000208616257,0.5680000185966492,0.01600000075995922,0.0
1.2940000295639038,0.020999999716877937,1.531000018119812,0.020999999716877937,0.02199999988079071,0.01899999938905239,0.01899999938905239,0.017999999225139618,0.01899999938905239,0.01600000075995922,0.017000000923871994,0.014000000432133675,0.017999999225139618,0.02500000037252903,0.0
19.879000671207905,0.5680000185966492,0.7070000171661377,0.0,0.0
0.028999999165534973,0.03999999910593033,0.032999999821186066,2.490000009536743,0.03799999877810478,0.024000000208616257,0.0
29.988000731915236,0.029999999329447746,0.02500000037252903,0.0,0.0
0.01600000075995922,0.0
0.03500000014901161,0.024000000208616257,0.023000000044703484,0.028999999165534973,0.027000000700354576,0.023000000044703484,0.023000000044703484,0.019999999552965164,0.0,0.0
0.02500000037252903,0.02500000037252903,0.032999999821186066,0.028999999165534973,0.0430000014603138,0.03700000047683716,0.03699999849777669,0.035999998450279236,0.03700000047683716,0.035999998450279236,0.0,0.0
0.7379999756813049,0.019999999552965164,0.6769999861717224,0.03700000047683716,0.03799999877810478,0.017999999225139618,0.04399999976158142,0.0430000014603138,0.0
0.23100000247359276,0.029999999329447746,0.02500000037252903,0.02500000037252903,0.027000000700354576,0.027000000700354576,0.03099999949336052,0.026000000536441803,0.032999999821186066,0.027000000700354576,0.02199999988079071,0.0
0.2910000028787181,3.187000036239624,0.029999999329447746,0.02500000037252903,0.0290000009117648,0.028999999165534973,0.0,0.0
0.023000000044703484,0.020999999716877937,0.02199999988079071,0.02500000037252903,0.0
19.9410001039505,0.024000000208616257,0.02199999988079071,0.024000000208616257,18.93199920654297,1.7730000019073486,7.293000221252441,0.0,0.0
0.02800000086426735,0.024000000208616257,0.028999999165534973,0.020999999716877937,0.020999999716877937,0.0,0.0
0.024000000208616257,0.023000000044703484,0.029999999329447746,0.02199999988079071,0.025000000256113708,0.024000000208616257,0.024000000208616257,0.019999999552965164,0.026000000536441803,0.013000000268220901,0.014000000432133675,0.0
21.950999796390533,0.02500000037252903,0.027000000700354576,0.02199999988079071,0.7329999804496765,0.0,0.0
0.02199999988079071,0.02199999988079071,0.5889999866485596,0.01899999938905239,0.02199999976437539,0.019999999552965164,0.0,0.0
0.02199999988079071,0.017999999225139618,0.02500000037252903,0.013000000268220901,0.017000000923871994,0.0
19.82000033557415,0.6470000147819519,0.02500000037252903,0.01899999938905239,0.017000000923871994,0.020999999716877937,0.023000000044703484,0.027000000700354576,0.020999999716877937,0.020999999716877937,0.028999999165534973,0.032999999821186066,0.027000000700354576,0.023000000044703484,0.020999999716877937,0.011999999987892807
0.02500000037252903,0.02500000037252903,0.022999999928288162,0.019999999552965164,0.01899999938905239,0.032999999821186066,0.0
1.4229999780654907,0.028999999165534973,0.0,0.0
0.03099999949336052,0.03500000014901161,0.03099999949336052,0.02500000037252903,0.03799999877810478,0.029999999329447746,0.03099999949336052,0.027000000700354576,0.01600000075995922,0.0
19.940000716596842,0.02500000037252903,0.0,0.0
19.503999542444944,0.029999999329447746,0.029999999329447746,0.028999999165534973,0.024000000208616257,0.0
0.024000000208616257,0.023000000044703484,0.024000000092200935,0.020999999600462615,0.02199999988079071,0.023000000044703484,0.027000000700354576,0.02600000042002648,0.024000000208616257,0.026000000536441803,0.0,0.0
0.025000000256113708,0.024000000208616257,0.023000000044703484,0.026000000536441803,0.0,0.0
0.024000000208616257,0.023000000044703484,0.020999999716877937,0.017000000923871994,0.020999999716877937,0.023000000044703484,0.02500000037252903,0.0
20.705000046640635,0.014999999664723873,0.026000000536441803,0.0
0.027000000700354576,0.025000000256113708,0.6190000176429749,0.023000000044703484,0.028999999165534973,0.04399999976158142,0.04500000178813934,0.04500000178813934,0.026000000536441803,0.0,0.0
0.02800000086426735,0.023000000044703484,0.032999999821186066,0.027000000700354576,0.028999999165534973,0.0,0.0
0.02800000086426735,0.027000000700354576,0.0290000009117648,0.028999999165534973,0.6930000185966492,0.026000000536441803,0.020999999716877937,0.02800000086426735,0.0
21.068999817594886,0.026000000536441803,0.026000000536441803,0.0,0.0
0.027000000700354576,0.02500000037252903,0.029999999329447746,0.03200000151991844,0.029999999329447746,0.023000000044703484,0.0,0.0
0.023000000044703484,1.2450000047683716,0.019999999552965164,0.01899999938905239,0.02199999988079071,0.02800000086426735,0.02500000037252903,0.0
18.691000076010823,0.023000000044703484,0.02500000037252903,0.0,0.0
1.062000036239624,3.378999948501587,2.4930001030443236,0.024000000208616257,0.029999999329447746,0.03500000014901161,0.0
29.05699932947755,0.03099999949336052,0.04600000008940697,0.020999999716877937,0.0
19.658000258728862,0.03200000151991844,0.0,0.0
0.027000000700354576,0.023000000044703484,0.027000000700354576,0.024000000208616257,0.023000000044703484,0.029999999329447746,0.028999999165534973,0.02199999976437539,0.0,0.0
0.027000000700354576,0.029999999329447746,0.06599999964237213,0.0
20.145999740809202,0.024000000208616257,0.01899999938905239,0.012000000104308128,0.0
0.02500000037252903,0.02800000086426735,0.0430000014603138,0.03400000184774399,0.03099999949336052,0.02500000037252903,0.025000000256113708,0.026000000536441803,0.01899999938905239,0.027000000700354576,0.014000000432133675,0.0
0.23399999551475048,0.02500000037252903,0.020999999716877937,0.02800000086426735,0.020999999716877937,0.02500000037252903,0.02199999988079071,0.0,0.0
0.02500000037252903,0.7509999871253967,0.847000002861023,0.02199999988079071,0.026000000536441803,0.03200000151991844,0.014999999664723873,0.024000000208616257,0.0,0.0
0.024000000208616257,0.030999999376945198,2.382999897003174,0.03500000014901161,0.04100000113248825,0.039000000804662704,0.0,0.0
0.028999999165534973,0.027000000700354576,0.0,0.0
0.8349999785423279,0.032999999821186066,0.02800000086426735,0.026000000536441803,0.023000000044703484,0.024000000208616257,0.027000000700354576,0.02500000037252903,0.024000000208616257,0.02500000037252903,0.0
19.8739994764328,0.527999997138977,0.028999999165534973,4.964000225067139,0.017000000923871994,0.017000000923871994,0.0
20.57200062647462,0.625,0.027000000700354576,3.118000030517578,0.01899999938905239,0.5379999876022339,0.02800000086426735,0.026000000536441803,0.02800000086426735,0.0,0.0
2.4059998989105225,0.024000000208616257,0.6959999799728394,0.03500000014901161,0.0,0.0
0.028999999165534973,0.01600000075995922,0.0
0.23899999633431435,0.024000000208616257,0.023000000044703484,3.5350000858306885,0.9279999732971191,0.03200000151991844,1.4910000562667847,0.0
0.9839999955147505,0.7760000228881836,0.029999999329447746,0.029999999329447746,0.029999999329447746,0.029999999329447746,0.0
20.496000701445155,0.03200000151991844,0.0
1.1710000038146973,0.02500000037252903,1.3769999742507935,0.02800000086426735,0.029999999329447746,0.027000000700354576,0.0,0.0
0.503000020980835,0.023000000044703484,0.02199999976437539,0.0,0.0
0.02500000037252903,0.028999999165534973,0.03400000184774399,0.0
20.170000553131104,1.284999966621399,0.020999999716877937,0.07599999755620956,0.0
19.591999236494303,0.03200000151991844,0.035999998450279236,0.02800000086426735,0.029999999329447746,0.029999999329447746,0.029999999329447746,0.6499999890802428,0.0,0.0
0.035999998450279236,0.028999999165534973,0.028999999165534973,0.02500000037252903,0.023000000044703484,0.0
20.358000099658966,0.02500000037252903,0.027000000700354576,0.020999999716877937,0.027000000700354576,0.023000000044703484,0.03200000151991844,0.02500000037252903,0.026000000536441803,0.024000000208616257,0.01899999938905239,0.026000000536441803,0.02199999988079071,0.0,0.0
0.03200000151991844,0.039000000804662704,0.03400000184774399,0.04500000178813934,0.05000000074505806,0.3889999985694885,0.0
19.174999069422483,0.02199999988079071,0.02199999988079071,0.019999999552965164,0.024000000208616257,0.020999999716877937,0.01899999938905239,0.02800000086426735,0.03999999910593033,0.0,0.0
0.023000000044703484,1.9539999961853027,0.02199999988079071,0.0,0.0
0.5669999718666077,0.03099999949336052,0.029999999213032424,0.026000000536441803,0.7670000195503235,0.027000000583939254,0.027000000700354576,0.03099999949336052,0.03999999910593033,7.2230000495910645,0.0,0.0
0.02800000086426735,0.02800000086426735,0.02500000037252903,0.020999999716877937,0.02199999988079071,0.017999999225139618,0.6949999928474426,0.020999999716877937,0.020999999716877937,0.013000000268220901,0.023000000044703484,0.01899999938905239,0.0,0.0
0.02500000037252903,0.02800000086426735,0.028999999165534973,0.024000000208616257,0.02199999988079071,0.023000000044703484,0.024000000208616257,0.0,0.0
0.02199999988079071,0.02500000037252903,0.03200000151991844,0.041999999433755875,0.03099999949336052,0.0,0.0
0.023000000044703484,0.02199999988079071,0.5120000243186951,0.026000000536441803,0.0
0.2310000043362379,0.6330000162124634,0.04500000178813934,0.03700000047683716,0.02500000037252903,0.027000000700354576,0.01600000075995922,0.023000000044703484,0.022999999928288162
20.791000489145517,0.029999999329447746,0.01899999938905239,0.0
1.571999967098236,0.023000000044703484,0.023000000044703484,0.02800000086426735,0.026000000536441803,0.0,0.0
0.7839999794960022,0.02199999988079071,1.5859999656677246,0.027000000700354576,0.02500000037252903,0.029999999213032424,0.029999999329447746,0.0
0.2429999988526106,0.02199999988079071,0.0,0.0
0.023000000044703484,0.028999999165534973,0.03200000151991844,0.02500000037252903,0.03200000151991844,0.026000000536441803,0.02500000037252903,0.02800000086426735,0.0
21.96100082434714,0.020999999716877937,0.019999999552965164,0.01899999938905239,0.01899999938905239,0.017000000923871994,0.02199999988079071,0.03200000151991844,0.027000000700354576,0.024000000208616257,0.0,0.0
0.6850000023841858,0.023000000044703484,0.020999999716877937,0.5529999732971191,0.019999999552965164,0.019999999552965164,0.02199999988079071,0.017999999225139618,0.020999999716877937,0.014999999664723873,0.012000000104308128,0.0
20.118999863043427,0.02600000042002648,0.03500000189524144,0.027000000700354576,0.028999999165534973,0.028999999165534973,0.03200000151991844,0.027000000700354576
2.1480000019073486,0.026000000536441803,0.02199999988079071,0.02500000037252903,0.04100000113248825,0.050999999046325684,0.051999999093823135,0.03700000047683716,0.0
0.24900000542402267,1.4179999828338623,0.02199999988079071,0.027000000700354576,0.03899999882560223,0.035999998450279236,0.023000000044703484,0.02199999988079071,0.0
0.2270000074058771,0.026000000536441803,0.024000000208616257,0.02199999988079071,0.01899999938905239,0.017999999225139618,0.017000000923871994,0.019999999552965164,1.2879999876022339,0.6060000061988831,0.2070000022649765,0.0
0.027000000700354576,0.7149999737739563,0.02500000037252903,0.03200000151991844,0.017000000923871994,0.0
21.126999862492085,0.03099999949336052,0.02500000037252903,0.02500000037252903,0.023000000044703484,0.02199999988079071,0.02199999988079071,0.019999999552965164,0.01899999938905239,0.0
0.2500000074505806,0.023000000044703484,0.6029999852180481,0.024000000208616257,0.02500000037252903,0.0,0.0
0.02500000037252903,0.027000000700354576,0.027000000700354576,0.0
21.638999044895172,0.023000000044703484,0.061000000685453415,0.0
19.768000900745392,0.028999999165534973,0.03500000014901161,0.8709999918937683,0.029999999329447746,0.03700000047683716,0.03200000151991844,0.03999999910593033,0.014999999664723873,0.028999999165534973,0.023000000044703484,0.0,0.0
1.2489999532699585,0.02199999988079071,0.04399999976158142,0.028999999165534973,0.0,0.0
0.02800000086426735,0.025000000256113708,0.014999999664723873,0.018000000971369445,0.04600000008940697,0.05700000002980232,0.028999999165534973,0.039000000804662704,0.039000000804662704,0.0,0.0
0.6209999918937683,0.02199999988079071,0.020999999716877937,0.02199999988079071,0.02199999988079071,0.026000000536441803,0.02500000037252903,0.024000000092200935,0.02800000086426735,0.03500000014901161,0.041999999433755875,0.03700000047683716,0.03200000151991844,0.03799999877810478,0.0
0.03400000184774399,1.1679999828338623,7.699999809265137,3.4590001106262207,0.032999999821186066,0.03500000189524144,0.04399999976158142,0.03500000014901161,0.02500000037252903,0.0
0.23100000247359276,0.024000000208616257,0.02800000086426735,0.02500000037252903,0.026000000536441803,0.017999999225139618,0.014999999664723873,0.019999999436549842,2.2160000801086426,0.0,0.0
3.4070000648498535,0.026000000536441803,0.02199999988079071,0.02199999988079071,0.019999999552965164,0.019999999552965164,0.020999999600462615,0.019999999552965164,0.017000000923871994,0.0
19.554000686854124,0.023000000044703484,0.023000000044703484,0.024000000208616257,0.03099999949336052,0.01899999938905239,0.017000000923871994,0.0
0.2310000006109476,0.032999999821186066,5.861000061035156,0.03200000151991844,0.026000000536441803,0.024000000208616257,0.6570000181673095,0.028999999165534973,0.02500000037252903,0.019999999552965164,0.0,0.0
0.022999999928288162,0.023000000044703484,0.027000000700354576,0.03400000184774399,0.04100000113248825,0.03099999949336052,0.03500000014901161,0.03500000014901161,0.03099999949336052,0.0
0.23299999348819256,0.5460000038146973,1.8550000190734863,0.02800000086426735,0.020999999716877937,0.0,0.0
0.03099999949336052,0.023000000044703484,0.052000001072883606,0.0
21.850999405491166,0.020999999716877937,0.03200000151991844,0.0
0.023000000044703484,0.02500000037252903,0.027000000700354576,4.073999881744385,0.02800000086426735,0.0,0.0
0.6890000104904175,0.02800000086426735,0.7329999804496765,0.028999999165534973,0.03500000014901161,0.03199999954085797,0.02500000037252903,0.017000000923871994,0.0,0.0
0.027000000700354576,0.7369999885559082,0.027000000700354576,0.028999999165534973,0.035999998450279236,0.03099999949336052,0.0,0.0
0.024000000208616257,0.023000000044703484,0.028999999165534973,0.023000000044703484,0.02800000086426735,0.0
19.24200041219592,0.0,0.0
0.9079999923706055,0.023000000044703484,0.020999999716877937,2.0999999046325684,0.6389999985694885,0.029999999329447746
0.7810000088065863,0.023000000044703484,0.027000000700354576,0.02199999988079071,0.028999999165534973,0.026000000536441803,0.02500000037252903,0.029999999329447746,0.02199999976437539,0.0
0.31700000911951065,0.0
0.026000000536441803,2.2790000438690186,0.0
20.993000412359834,0.024000000208616257,0.02199999988079071,0.020999999716877937,0.01899999938905239,0.02500000037252903,0.02500000037252903,0.017999999225139618,0.01899999927263707,0.0
19.581000855192542,0.026000000536441803,0.028999999165534973,0.03200000151991844,0.027000000700354576,0.029999999329447746,0.035999998450279236,0.03500000014901161,0.027000000700354576,0.023000000044703484,0.0,0.0
0.027000000700354576,1.9789999723434448,0.6399999856948853,0.02199999988079071,0.023000000044703484,0.019999999552965164,0.023000000044703484,0.01899999938905239,0.01899999938905239,0.017999999225139618,0.024000000208616257,0.023000000044703484,0.0,0.0
0.023000000044703484,0.03099999949336052,0.0,0.0
0.028999999165534973,1.0850000381469727,0.06599999964237213,0.0
21.142999222502112,0.024000000208616257,0.02199999988079071,0.7850000262260437,0.02500000037252903,0.025000000256113708,0.025000000256113708,0.023000000044703484,0.0,0.0
0.6819999814033508,0.020999999716877937,0.029999999329447746,0.02199999988079071,0.020999999716877937,0.024000000208616257,0.008999999612569809,0.026000000536441803,0.0
21.041999340057373,0.023000000044703484,0.0,0.0
0.026000000536441803,0.024000000208616257,0.03200000151991844,0.01899999927263707,0.013000000268220901,0.0,0.0
0.6140000224113464,0.023000000044703484,0.020999999716877937,0.026000000536441803,0.024000000208616257,0.0,0.0
0.7059999704360962,0.028000000747852027,0.9070000052452087,0.035999998450279236,0.0430000014603138,0.039000000804662704,0.050999999046325684,0.050999999046325684,0.0
19.934999588876963,0.03999999910593033,0.03700000047683716,0.03500000014901161,0.029999999329447746,0.029999999329447746,0.028999999165534973,0.024000000208616257,0.02500000037252903,0.023000000044703484,0.0,0.0
0.02199999988079071,0.028999999165534973,0.023000000044703484,0.023000000044703484,0.0,0.0
0.02500000037252903,0.024000000208616257,0.019999999552965164,0.02199999988079071,0.019999999552965164,0.024000000208616257,0.026000000536441803,0.019999999552965164,0.0010000000474974513,0.0
0.92799998447299,0.023000000044703484,0.023000000044703484,0.02199999988079071,0.020999999716877937,0.01899999927263707,0.01899999938905239,0.0
0.22900000400841236,0.024000000208616257,0.7229999899864197,0.6489999890327454,0.05900000035762787,0.7099999914644286,0.0
20.051999270915985,0.6039999723434448,0.03099999949336052,0.02199999988079071,0.023000000044703484,0.03799999877810478,0.02500000037252903,0.0,0.0
0.027000000700354576,0.04600000008940697,0.02800000086426735,0.0
20.994000613689423,0.025000000256113708,0.027000000700354576,0.028999999165534973,0.017000000923871994,0.024000000208616257,0.027000000700354576,0.0,0.0
0.028999999165534973,0.032999999821186066,0.03700000047683716,1.1399999856948853,0.04899999871850014,0.04500000178813934,0.0,0.0
0.027000000700354576,0.024000000208616257,0.03799999877810478,0.04699999839067459,0.054999999701976776,0.03500000014901161,0.035999998450279236,0.0,0.0
0.029999999329447746,0.02199999988079071,0.023000000044703484,0.0,0.0
0.026000000536441803,0.8289999961853027,1.5099999904632568,0.014000000432133675,0.02800000086426735,0.013000000268220901,0.024000000208616257,0.028000000747852027,0.03400000184774399,0.024000000208616257,0.0,0.0
0.02500000037252903,0.7620000243186951,0.02199999988079071,0.01899999938905239,0.014999999664723873,0.02199999988079071,0.02199999988079071,0.0,0.0
0.027000000700354576,0.023000000044703484,0.02199999988079071,0.026000000536441803,0.028999999165534973,0.02500000037252903,0.0
19.773000869899988,0.02800000086426735,0.023000000044703484,0.9150000214576721,0.03099999949336052,0.0
20.318000435829163,4.6519999504089355,0.020999999716877937,0.5350000262260437,0.02500000037252903,0.5049999952316284,0.017999999225139618,0.0,0.0
0.024000000208616257,1.1030000448226929,0.020999999716877937,0.023000000044703484,1.5740000009536743,0.020999999716877937,0.0,0.0
0.027000000700354576,0.028999999165534973,0.03099999949336052,0.028999999165534973,0.027000000700354576,0.02800000086426735,0.029999999213032424,0.0,0.0
0.029999999329447746,0.027000000700354576,0.03799999877810478,0.019999999552965164,0.0
21.041000198572874,3.2769999504089355,1.3300000429153442,0.02199999988079071,1.2890000343322754,1.3609999418258667,0.026000000536441803,0.023000000044703484,0.019999999552965164,0.0
19.068999527022243,0.020999999716877937,0.024000000208616257,0.02800000086426735,0.02800000086426735,0.028999999165534973,0.010999999940395355,0.022999999928288162,0.019999999552965164,0.020999999716877937,0.0
20.87599928304553,0.7670000195503235,0.03099999949336052,0.02199999988079071,0.024000000208616257,0.02199999988079071,0.0,0.0
2.747999906539917,0.026000000536441803,0.023000000044703484,0.019999999552965164,0.0
23.03799938969314,0.020999999716877937,0.03200000151991844,0.03399999986868352,0.0,0.0
0.028999999165534973,0.02800000086426735,0.027000000700354576,0.9290000200271606,0.020999999716877937,0.0
0.546999990940094,0.024000000208616257,0.020999999716877937,0.030999999376945198,0.027000000700354576,0.035999998450279236,0.0,0.0
0.03400000184774399
20.0670003965497,0.023000000044703484,0.023000000044703484,0.026000000536441803,0.023000000044703484,0.02199999988079071,0.02199999988079071,0.0,0.0
0.02800000086426735,0.03099999949336052,0.02199999988079071,0.02500000037252903,0.017000000923871994,0.03400000184774399,0.0,0.0
0.02800000086426735,0.023000000044703484,0.01899999938905239,0.019999999552965164,0.6650000214576721,0.6259999871253967,0.058000000077299774,0.019999999552965164,0.0,0.0
19.509999252855778,0.02500000037252903,0.017999999225139618,0.01899999938905239,0.019999999552965164,0.017000000923871994,0.00999999966006726,0.019999999552965164,0.01899999938905239,0.0
0.02800000086426735,0.024000000208616257,0.02199999988079071,0.027000000700354576,0.03400000184774399,0.017999999225139618,0.03500000014901161,0.03999999910593033,0.028999999165534973,0.020999999716877937,0.02500000037252903,0.0,0.0
0.02800000086426735,0.5490000247955322,0.02199999988079071,0.026000000536441803,0.0
2.6530001163482666,2.0889999866485596,0.02500000037252903,0.019999999552965164,0.023000000044703484,0.024000000208616257,0.024000000208616257,0.02500000037252903,0.026000000536441803,0.0,0.0
0.023000000044703484,0.026000000536441803,0.026000000536441803,0.02500000037252903,0.03200000151991844,0.02199999988079071,0.02199999988079071,0.020999999716877937,0.017999999225139618,0.019999999552965164,0.0
21.979000329971313,0.023000000044703484,0.020999999716877937,0.019999999552965164,0.026000000536441803,1.6160000562667847,0.040000000852160156,0.0430000014603138,0.04500000178813934,0.0,0.0
0.02500000037252903,0.02199999988079071,0.020999999716877937,0.020999999716877937,0.024000000208616257,0.020999999716877937,0.023000000044703484,0.017999999225139618,0.024000000208616257,0.020999999716877937,0.0,0.0
0.028999999165534973,1.0950000286102295,0.03700000047683716,0.04500000178813934,0.03799999877810478,0.01600000075995922,0.03099999949336052,0.03999999910593033,0.0,0.0
0.027000000700354576,0.027000000700354576,0.027000000700354576,0.023000000044703484,0.02500000037252903,0.020999999716877937,0.02199999988079071,0.027000000700354576,0.03399999986868352,0.0
19.970000794157386,0.02800000086426735,0.028000000747852027,0.03200000151991844,0.032999999821186066,0.029999999329447746,0.025000000256113708,0.02199999988079071,0.0,0.0
0.02500000037252903,0.02500000037252903,0.024000000208616257,0.023999999975785613,0.02500000037252903,0.028999999165534973,0.028999999165534973,0.029999999329447746,0.026000000536441803,0.0,0.0
0.027000000700354576,0.026000000536441803,0.8040000200271606,0.019999999552965164,0.024000000208616257,0.023000000044703484,0.019999999552965164,0.023000000044703484,0.024000000208616257,0.01899999938905239,0.01899999938905239,0.017999999225139618,0.014999999664723873,0.015000000479631126,0.0
0.2609999980777502,0.847000002861023,1.187000036239624,0.035999998450279236,0.035999998450279236,0.0,0.0
0.5590000152587891,0.023000000044703484,0.023000000044703484,0.020999999716877937,0.019999999552965164,0.020999999716877937,0.008999999612569809,0.020999999716877937,0.03400000184774399,0.0,0.0
0.023000000044703484,6.466000080108643,1.225000023841858,0.027000000700354576,2.632999897003174,0.02500000037252903,0.02199999988079071,0.0,0.0
0.6370000243186951,0.02800000086426735,0.03500000014901161,0.032999999821186066,0.0,0.0
0.03199999954085797,0.02500000037252903,0.029999999329447746,0.023000000044703484,0.02500000037252903,0.02199999976437539,0.02199999988079071,0.020999999716877937,0.017000000923871994,0.01899999938905239,0.0,0.0
20.16799964942038,0.02500000037252903,0.020999999716877937,1.4769999980926514,0.7620000243186951,0.01899999938905239,0.01600000075995922,0.024000000208616257,0.029999999329447746
22.528999160975218,0.02500000037252903,0.02199999988079071,0.024000000092200935,0.01899999938905239,0.02199999988079071,0.025000000256113708,0.0
20.106000473722816,0.02500000037252903,0.020999999716877937,0.024000000208616257,0.0,0.0
0.5400000214576721,0.024000000208616257,0.5680000185966492,0.032999999821186066,0.046000001835636795,0.050999999046325684,0.0560000017285347,0.0
20.057000160217285,0.027000000700354576,0.023000000044703484,0.019999999552965164,0.023000000044703484,0.02199999988079071,0.019999999552965164,0.029999999329447746,0.0,0.0
0.027000000700354576,0.032999999821186066,0.03500000014901161,0.03600000019650906,0.0
21.514000713825226,0.6669999957084656,0.04500000178813934,0.05299999937415123,0.03999999910593033,0.0,0.0
0.5529999732971191,0.550000011920929,0.020999999716877937,0.019999999552965164,0.01899999938905239,0.029999999329447746,0.019999999552965164,0.019999999552965164,0.01899999938905239,0.0,0.0
0.026000000536441803,1.1649999618530273,0.8510000109672546,0.0,0.0
1.1749999523162842,0.5249999890802428,0.03099999949336052,0.9289999733446166,0.024000000208616257,0.02800000086426735,0.014999999664723873,0.024000000208616257,0.03400000184774399,0.0,0.0
0.03099999949336052,0.032999999821186066,0.029999999329447746,0.024000000208616257,0.04699999839067459,1.024999976158142,0.0,0.0
0.023000000044703484,0.03099999949336052,0.04099999915342778,0.04899999871850014,1.5759999752044678,0.0,0.0
0.7649999856948853,0.032999999821186066,0.02800000086426735,0.019999999552965164,0.020999999716877937,0.0,0.0
0.02800000086426735,0.02500000037252903,0.02199999988079071,0.023000000044703484,0.026000000536441803,0.019999999436549842,0.023000000044703484,0.028999999165534973,0.027000000700354576,0.0
21.60699987411499,0.03099999949336052,0.027000000700354576,0.027000000700354576,0.01600000075995922,0.024000000208616257,0.027000000700354576,0.0
24.070000108331442,0.024000000208616257,0.023000000044703484,0.014000000432133675,0.01899999938905239,0.0
20.159999130293727,1.996000051498413,0.02199999988079071,0.019999999552965164,0.017999999225139618,0.01899999938905239,0.020999999716877937,0.020999999716877937,0.020999999716877937,0.0,0.0
0.652999997138977,0.02199999988079071,0.02199999988079071,0.03099999949336052,0.026000000536441803,0.01899999938905239,0.019999999552965164,0.029999999329447746,0.028999999165534973,0.01899999938905239,0.020999999716877937,0.023000000044703484,0.0,0.0
0.02500000037252903,0.02500000037252903,0.6520000100135803,0.01600000075995922,0.02199999988079071,0.0,0.0
0.023000000044703484,0.028999999165534973,0.02199999988079071,0.02199999988079071,0.024000000208616257,0.027000000700354576,0.028999999165534973,0.028999999165534973,0.03799999877810478,0.027000000700354576,0.0,0.0
0.03400000184774399,0.02800000086426735,0.03099999949336052,0.09799999743700027,0.03700000047683716,0.11299999803304672,0.03200000151991844,0.0
20.434000946581364,0.02199999988079071,0.02199999988079071,0.020999999716877937,0.029999999329447746,0.023000000044703484,0.029999999329447746,0.012000000104308128,0.02500000037252903,0.023000000044703484,0.0
27.82599925994873,0.027000000700354576,0.029999999329447746,0.0,0.0
0.02800000086426735,0.023000000044703484,0.020999999716877937,0.02199999988079071,0.019999999552965164,0.01899999938905239,0.0
0.8969999793916941,0.023000000044703484,0.020999999716877937,0.026000000536441803,0.024000000208616257,0.026000000536441803,0.0,0.0
0.023000000044703484,0.5870000123977661,0.02199999988079071,2.0850000381469727,0.023000000044703484,0.023000000044703484,0.020999999716877937,0.014000000432133675,0.017999999225139618,0.027000000700354576,0.0,0.0
0.5619999766349792,1.1269999742507935,0.023000000044703484,0.026000000536441803,0.02199999988079071,0.017000000923871994,0.023000000044703484,0.03799999877810478,0.03999999910593033,0.0
20.428000926971436,0.02800000086426735,1.1649999618530273,0.8320000171661377,0.027000000700354576,0.03200000151991844,0.029999999329447746,0.02500000037252903,0.024000000208616257,0.02500000037252903,0.0,0.0
0.027000000700354576,0.029999999329447746,0.039000000804662704,0.03399999986868352,0.0
21.70199990272522,0.026000000536441803,1.8519999980926514,0.022999999928288162,0.014999999664723873,0.0
0.02199999988079071,0.026000000536441803,0.7720000147819519,0.0,0.0
1.1920000314712524,3.0859999656677246,0.02500000037252903,0.01899999938905239,0.5400000214576721,0.032999999821186066,0.02600000042002648,0.009999999776482582,1.6929999589920044,0.019999999552965164,0.019999999552965164,0.019999999552965164,0.02199999988079071,0.0
23.55400025844574,0.024000000208616257,0.023000000044703484,0.09799999743700027,0.0
31.436999082565308,0.026000000536441803,0.01899999938905239,0.017999999225139618,0.058000000077299774,0.0
3.256999969482422,0.019999999552965164,1.128999948501587,0.023000000044703484,0.515999972820282,0.019999999552965164,0.020999999716877937,0.023000000044703484,0.0,0.0
1.3220000267028809,0.020999999716877937,0.019999999552965164,0.5350000262260437,0.03099999949336052,0.01600000075995922,0.014999999664723873,0.01600000075995922,0.014999999664723873,0.0
20.45399934053421,0.02199999988079071,0.035999998450279236,0.041999999433755875,0.03400000184774399,0.04500000178813934,0.0,0.0
0.8550000190734863,0.5239999890327454,5.946000099182129,2.9260001182556152,0.029999999329447746,3.4170000553131104,2.5869998931884766,5.073999881744385,0.019999999552965164,0.0,0.0
1.7510000467300415,3.071000099182129,0.024000000208616257,0.024000000208616257,0.04500000178813934,0.02500000037252903,1.086999965715222,0.023000000044703484,0.0,0.0
0.022999999928288162,0.023000000044703484,0.01899999938905239,0.023000000044703484,0.026000000536441803,0.026000000536441803,0.04399999976158142,1.1690000295639038,1.6770000457763672,1.2100000381469727,0.0,0.0
0.024000000208616257,0.024000000208616257,0.6790000200271606,0.03200000151991844,0.0,0.0
0.024000000092200935,0.026000000536441803,0.026000000536441803,0.019999999552965164,0.024000000208616257,0.028999999165534973,0.03099999949336052,0.024000000208616257,0.020999999716877937,0.023000000044703484,0.03200000151991844,0.20600000023841858,0.023000000044703484,0.0,0.0
1.340000033378601,0.023000000044703484,0.023000000044703484,1.9170000553131104,4.748000144958496,3.1619999408721924,0.029999999329447746,0.04399999976158142,0.04099999915342778,0.02800000086426735,0.028999999165534973,0.0,0.0
0.023000000044703484,1.9129999876022339,0.019999999436549842,0.026000000536441803,0.02500000037252903,0.024000000208616257,0.019999999552965164,0.0,0.0
0.028999999165534973,0.05000000074505806,0.024000000208616257,0.035999998450279236,0.0
0.2420000024139881,0.03099999949336052,0.027000000700354576,0.020999999716877937,0.03799999877810478,0.9330000281333923,0.041999999433755875,0.029999999329447746,0.0
20.394999481737614,0.028999999165534973,2.2309999465942383,0.03500000014901161,0.0
0.2280000075697899,0.5339999794960022,0.020999999716877937,0.02199999988079071,0.0,0.0

Player 2: 
Player 2 Deadwood: 
70,69,41,41,41
66,66,40,39,37,37,37
50,45,33,33,33,32,32,32
37,36,34,28,28,28,9,9,9
68,68,40,40,38,36,35,35,35
48,47,18,18,18,18
42,41,26,17,17,14,13,13,13,13
45,45,17,15,15,9,9,9
33,33,33,30,28,9,9,9
69,60,46,45,44,22,17,17,17
35,35,32,27,27,27,27
35,34,33,33,33
48,42,41,39,14,13,13,12,12,8,8,8
41,37,27,27,27,10,10,10
37,37,34,19,18,17,17,1,1,1
22,20,20,20
31,31,30,13,13,13,13
38,38,10,10,10
61,55,54,29,13,9,9,9
21,17,17,17,17,16,16,13,13,13,13
46,46,45,43,43,43
61,60,57,57,57
57,29,27,27,27
72,70,67,63,63,37,29,28,28,21,5,5,5
58,34,33,27,27,27,27,27,23,18,18,18
46,41,34,17,17,17,17,12,12,12,12
43,15,15,14,10,10,10
64,64,36,36,36,36
22,16,16,12,12,12
53,47,38,33,25,11,11,11,11
45,35,34,33,32,31,30,25,19,19,18,15,8,8,8
63,33,33,33,25,25,20,20,20,19,5,5,5
65,38,38,35,27,23,20,20,20
45,45,45,44,42,16,15,14,2,2,2
64,36,36,30,30,30,29,28,15,15,15
26,16,8,8,8
38,32,32,32,16,16,16,16,16
41,40,37,34,31,29,10,10,10
47,44,23,22,15,15,15
64,34,34,34,34,21,21,20,20,20
54,46,46,37,27,11,5,5,5
28,23,20,17,3,3
44,35,30,22,22,6,6,6
30,20,12,12,10,10,10
71,41,16,13,10,10,10
51,28,27,27,27
68,68,68
46,46,46
69,68,40,38,38,38
66,66,66
67,59,59,58,57,56,33,14,13,8,8,8
16,16,16,16,16,16,16,16,15,15,15
44,43,41,34,34,12,12,12,12
30,21,11,7,7,7
22,21,16,15,15,9,9,9
53,50,46,46,46
42,36,36,31,31,12,12,12,11,1,1,1
30,29,20,20,20,16,16,16,6,6,6
48,28,27,22,22,3,3,3
60,42,40,40,18,18,18,14,14,14
31,30,14,13,7,7,7
43,33,33,33,33,32,10,10
54,52,50,50,30,27,25,25,25
70,41,41,37,36,30,17,17,17
30,18,18,18,18,4,4,4
72,42,17,11,11,11,11
32,32,32,32
66,61,61,35,33,28,23,19,19,19
29,25,25,25,25
31,30,29,29,28,22,19,19,19,18,18,18,18
68,30,23,23,8,8,8
55,55,41,40,40,38,35,16,16,16,14,13,13,13,13
61,53,48,48,43,41,35,35,35,35,27,27,27
72,72,42,40,40,38,35,17,17,11,11,11,11,11
48,39,11,11,11,11
33,33,30,23,23,23,23,22,21,7,7,7
55,55,25,22,22,22,22
42,42,42,14,8,8,8
65,65,35,34,27,27,20,20,15,6,6,6
67,28,28,11,11,11
20,20,15,11,11,6,6,6
53,51,51,43,40,20,20,20,20,20
20,12,10,10,10
47,39,12,12,12,12,10,10,10
8,8
16,16,16,16,14,10,10,10
46,44,28,21,21,13,4,4,4
60,30,22,22,17,11,11,11,11
43,35,33,19,18,13,8,8,8
43,43,42,41,20,19,19,19
37,31,12,12,8,8,8
62,62,36,35,14,8,8,8
40,30,28,26,26,26,26
38,35,17,17,16,16,16
11,10,10
58,54,48,46,41,39,39,30,15,4,4,4
33,32,31,31,31,31
31,30,30,27,27,20,14,12,12,12,12,12,12,5,5,5
44,36,14,14,14,14,13,13,13
60,57,52,52,52
38,36,31,31,25,11,3,3,3
34,33,29,21,17,17,17,17,14,14,14,14
43,39,39,33,27,11,11,11
58,58,39,35,27,23,23,19,19,19
11,4,4,4
22,22,22,15,15,15,0,0
70,62,57,30,26,21,21,21,21,15,10,10,10
70,61,61,60,57,31,31,26,26,26,26
31,21,21,21,21,21
21,13,11,6,6,6
34,34,34,33,33,31,29,29,10,10,10
62,62,44,19,17,17,17
52,46,46,24,21,21,21,14,14,12,12,2,2
66,66,36,36,26,25,25,25,24,7,7,7
53,53,51,26,26,21,21,15,15,11,11,10,10,10
66,36,29,28,27,23,23,22,22,21,21,21
43,33,30,30,10,10,10
48,47,46,46,43,22,22,22,22,18,8,8,8
45,15,15,8,8,8
40,40,39,34,11,11,11,9,9,9
65,53,47,40,39,34,32,32,30,24,10,10,10
58,51,51,51,50,24,22,22,11,11,7,7,7
42,39,39,35,26,6,6,6
47,25,15,9,9
59,34,34,34
46,39,39,39
22,22,19,19,15,12,12,5,5,5
11,11,11,11,11,8,8,8
78,76,73,72,44,21,2,2,2
32,22,21,19,19,19,19
59,58,58,30,27,5,5,5
57,45,44,42,40,40,40
43,41,36,35,34,34,34
58,56,52,52,52
52,52,38,31,31,31,31,31,20,20,20,20
39,38,37,35,35,35
45,37,34,34,34,34
41,41,41,41,36,36,36
44,44,44,44
36,26,19,17,15,15
57,53,52,26,21,18,3,3,3
36,31,31,12,8,8,8
61,31,31,31
34,24,24,17,17,17
41,38,22,17,13,13,13,13,13
36,32,30,28,9,9,9
10,10,10
22,15,15,15,15,15,15,4,4,4
44,15,15,13,12,12,6,6,6
38,33,30,27,27,27,23,23,21,21,21,21
46,46,46,36,32,31,25,20,12,12,12,12,12,12,9,9,9
40,31,29,28,28,11,11,1,1
46,42,33,32,28,28,10,10,10
55,27,24,22,15,15,13,13,13,13,13,13,13,13,5,5,5
64,57,33,32,32,32
58,28,14,14,14
55,47,38,37,33,31,9,9,9
41,41,31,29,29,11,10,10,10
65,49,46,44,18,18,14,11,11,11,9,9,9
24,12,12,12,12,12,12
48,48,47,45,20,9,9,9
50,50,41,39,39,24,8,8,8
14,14,10,10,10
30,22,22,22,19,9,9
38,18,18,18,13,13,10,10,10
46,46,39,13,13,13
53,52,46,44,30,11,11,11,11
53,29,28,28,28
48,40,32,27,26,26,26,20,20,20
39,22,15,2,2,2
51,51,47,25,18,18,18
56,26,26,1,1,1
53,46,28,28,9,9,9
48,48,41,30,24,24,24,24,24
47,41,36,34,34,34,17,17,17
44,14,14,14,12,11,8,8,8
57,56,26,26,22,22,15,15,4,4
63,35,35,27,27,26,26,9,9,9
68,62,32,31,23,19,10,10,10
34,33,30,26,26,26
19,10,10,10
69,69,62,34,18,18,18,13,13,12,12,12
62,61,35,35,35
25,23,19,2,2,2
51,51,48,37,36,30,30,30
47,39,39,39,39,37,20,9,9,9
44,44,40,39,38,36,36,36,35,20,15,15,12,12,12
68,66,58,33,32,32,28,17,13,13,13
47,47,44,42,37,37,28,24,24,13,4,4,4
80,50,41,31,25,25,25,25,25
32,30,26,26,26,23,16,14,14,14,14,9,9,9
62,57,56,28,23,23,23
34,34,31,24,24,23,8,8,8
84,79,74,67,39,39,17,17,17
64,62,58,34,29,29,29,29
55,35,35,34,31,24,24,2,2,2
29,20,17,12,8,8,8
47,46,46,44,44,18,1,1,1
62,60,35,34,31,27,27,27
58,43,43,34,33,22,6,6,6
38,37,36,35,35,33,33,33
66,65,38,15,15,15,15,11,6,6,6
27,19,13,7,7
66,65,37,37,37
33,19,2,2,2
28,22,17,17,3,3,3
49,45,45,35,25,22,22,22
59,56,55,55,50,50,26,8,8,8
33,33,33,25,23,23,23,23
71,69,53,50,24,16,0
58,49,49,48,47,47,45,45,45
54,54,45,24,10,10,10
58,39,31,30,30,30,30,29,24,8,8,8
37,17,8,8,8
23,18,11,11,11
27,25,17,17,17,15,15,15,11,11,11,8,8,8
44,43,19,19,14,14,14
44,34,26,25,25,25,25,23,23,23
31,28,6,6
75,74,71,68,68,68
57,54,54,50,50,50
28,21,21,21,21
69,63,63,38,34,34,34
59,59,57,57,50,50,49,24,24,23,8,8,8
39,34,34,34
51,45,44,44,44,44
47,38,35,11,11,11
61,60,35,12,12,10,10,10
25,12,12,12,12,12,7,7,7
51,49,24,4,4,4
61,35,35,35
35,33,29,24,19,19,19,19,19,19,19,19,19,19,19
19,11,9,9,9
46,46,45,28,27,27,27
27,21,6,6,6
73,73
52,22,20,20,14,11,11,9,9,9
50,50,50,48,28,24,24,24,23,7,7,7
65,57,34,34,31,28,12,12,12
54,48,47,46,38,13,13,13,11,11,11,11
56,38,37,37,36,10,10,10
46,46,19,19,19
57,27,27,27,26,12,8,8,8
34,27,12,12,9,9,9
42,41,38,38,29,17,15,15,13,13,13,13
26,20,20,13,8,8
72,65,36,19,17,5,5,5
32,30,25,25,25,25
51,49,43,43,43,43,42,25,25,24,24,22,11,11,11,15
56,49,49,48,40,40,40
16,10,10,10
39,39,38,29,29,29,11,11,11,11
57,49,49,49
23,19,17,17,17,17
54,32,26,26,22,22,22,22,20,9,9,9
32,22,14,9,9,9
64,64,62,62,54,53,53,53
70,70,70,70
70,70,65,60,32,31,31,26,10,10,10
77,47,19,11,5,5,5
40,30,28,28,20,17,17,17,17
14,14,8,8,8
34,16,13,13,13,1,1,1
77,74,67,67,39,38,38,38
35,27,4,4
56,54,54,53,52,52,52
29,28,26,26,26
26,3,3,3
38,38,33,31,31,31,30,5,5,5
42,17,17,17
65,61,37,37,37
68,60,51,40,34,29,29,29,29,28,28,28
23,23,22,21,21,16,3,3,3
44,44,38,30,14,14,12,10,10,10
79,49,49,48,22,2,2,2
31,4,4
33,19,15,15,12,12,12,12,12,12,12
58,49,24,21,20,20,20
37,28,25,25,25,25,13,13,9,9,9
66,36,26,10,10,10
62,62,62
56,48,48,48,22,22,22,22
48,20,18,16,15,15,15
67,67,67
41,40,32,30,30,10,10,10
30,20,7,7,7
63,34,34,34
44,43,15,15,15
37,28,28,28,28,28,13,9,9,9
50,47,46,28,28,28
42,37,37,37,30,30,30,16,16,13,13,13,3,3,3
50,40,21,19,18,18,18
54,35,35,28,18,18,18,17,10,10
19,12,9,9,9
57,30,30,16,16,16,15,13,13,7,7,7
58,40,33,31,31,25,24,24,18,18,18,8,8,8
64,64,64,39,38,31,10,10,10
34,33,32,31,9,9,9
53,47,46,46,46
61,26,25,19,19,18,18,13,13
36,30,30,30
48,48,39,13,7,7
57,50,46,28,24,24,24,24
13,9,9,9
43,38,18,16,16,11,11,11,11
77,76,69,40,40,39,37,11,11,10,10,10
37,33,29,28,28,27,22,22,16,14,14,14
56,40,35,23,23,17,17,17
55,55,53,52,26,24,22,22,22
50,50,43,38,16,16,16,16,16
63,60,55,30,26,26,26,20,19,19,19,19
49,39,37,27,27,27
55,32,32,32,32,14,14,12,12,12
25,24,24,24,9,9,9
28,28,28,28
54,54,54,54
46,45,36,36,35,34,30,23,19,19,7,7,7
33,26,21,6,6,6
51,49,23,19,19,19,13,13,10,10,10
59,59,53,53,53,51,29,29,27,27,27,21,20,20,20
41,40,38,37,35,34,14,14,14,14
63,56,54,54,33,30,22,22,8,8,8
50,45,41,41,32,24,24,24,24,24
38,29,24,22,22,22,22,22
39,29,26,19,13,13,13,13,13,7,7,7
50,50,48,45,35,34,15,15,15,15
27,22,16,12,10,10,10
42,38,38,38
59,58,58,58
30,22,15,11,9,9,9
46,45,45,17,16,11,11,5,5,5
30,27,22,22,21,2,2,2
64,64,55,27,27,27
6,6,6
35,35,35,35,34,34
35,28,28,20,15,15,15,15,15,15
58,58
57,57,57
39,39,38,38,34,34,31,12,12,12
34,34,31,30,22,22,21,18,18,5,5,5
54,54,54,50,44,44,44,44,44,25,22,9,9,9
37,9,9,9
31,28,28,28
56,40,40,40,37,29,26,10,10,10
46,46,38,38,36,36,14,14,14
13,9,9
23,18,11,11,5,5,5
25,17,16,13,10,10,10
61,41,40,37,35,30,11,11,11
61,60,31,28,28,27,26,20,20,7,7,7
11,11,11,7,7,7
41,35,33,32,25,20,15,15,15,15
52,44,44,29,28,17,17,17
25,17,17,17,17,17,17
62,55,28,28,27,26,8,8,8
39,36,36,36
72,42,34,32,13,13,9,9,9
55,54,46,43,33,8,8,8
42,41,21,18,18,16,2,2
36,15,10,10,10
41,41,41,40,40,39,38,16,15,9,9,9
18,18,13,13,12,12,7,7,7
51,47,46,21,13,13,13
36,31,26,26,26,26
41,40,33,28,21,21,7,7,7
39,30,27,27,27,9,9,9
75,45,38,11,11,11,6,6,6
28,28,28,28,28
46,45,40,39,16,16,16,12,12,12
47,43,37,14,13,13,11,11,11,11,11
37,36,27,26,22,8,8,8
70,40,38,38,38
54,27,27,6,6,6
41,22,14,12,0
69,68,39,30,29,10,10,10
59
46,41,35,35,34,16,8,8,8
49,43,29,28,11,7,7,7
41,23,21,21,21,21,21,20,20,20
49,40,35,28,23,19,13,13,13,13
41,41,40,40,39,37,14,12,12,12,8,8,8
31,30,11,0,0
31,27,27,22,22,16,16,16,9,9,9
49,48,48,40,37,27,27,27,26,26,26
76,74,74,73,47,46,22,14,10,10,10
34,34,33,29,29,29,29,29,26,10,10,10
66,62,58,34,30,13,13,8,8
51,46,46,34,15,15,15,13,13,13
41,35,34,34,34,31,17,10,10,10
41,41,38,32,32,31,29,11,9,9,9
59,59,58,49,42,42,42,38,38,19,19,17,13,13,13
58,32,32,22,9,9,9
57,52,38,38,37,28,28,26,9,9,9
59,30,23,23,23,17,10,10,10
65,36,35,10,10,10
54,54,47,46,46,43,43,37,37,20,20,20
48,48,39,38,36,17,17,16,16
46,43,43,19,16,16,16,16
70,40,15,10,10
64,56,54,25,23,11,11,11
62,50,50,47,47,24,24,5,5,5
25,17,17,17,17
47,37,34,12,10,10,10
44,38,35,35,35,29,16,16,10,10,10
19,13,9,9,9
59,59,33,25,25,24,24,22,8,8,8
37,37,35,11,11,3,3,3
63,35,33,12,2,2
23,17,12,12,9,9,9
70,53,47,38,36,33,32,32,32,32
33,20,18,12,12,11,11,11
21,15,13,11,11,11
43,27,27,24,19,16,16,16,10,10,10
37,37,29,16,14,14,14,11,11,11,11,7,7,7
27,26,25,18,8,8,8
50,50,45,39,23,23,21,21,16,6,6,6
42,42,17,15,15,15,15,15
65,61,61,53,52,50,26,25,19,19,19
43,15,4,4,4
51,48,43,38,21,21,21
39,32,32,17,16,9,9,9
34,27,27,27,25,12,12,11,11,4,4,4
53,51,51,42,42,36,20,19,19,19
42,42,42,42,19,19,19,19,13,10,10,10
38,37,16,16,16
31,28,26,26,26,26
17,13,7,7,7
70,62,57,55,30,24,24,22,20,20,20,16,16,16
43,42,37,37,37
34,34,34,32,32,32
25,25,17,17,12,12,12,7,7,7
50,40,40,38,35,33,27,19,19,19
43,42,41,32,30,8,8,8
36,36,27,26,25,25,25,24,9,9,9
37,37,30,30,30,25,25,9,9
67,67,64,63,63,62,61,38,18,10,10,10
38,35,12,7,7,7
62,62,61,61,33,31,31,30,24,24,24,24,8,8,8
58,56,54,49,48,48,47,27,13,13,9,9,9
61,32,31,30,30,26,10,10,10
54,24,22,22,22
50,50,47,45,21,21,20,20,20
45,35,17,17,17
50,34,12,8,8
Player 2 Time: 
0.0,0.0,0.0010000000474974513,0.0,0.0
0.0010000000474974513,0.0,0.0,0.0,0.0,0.0,0.0
0.0,0.0010000000474974513,0.0,0.0,0.0,0.0,0.0,0.0
0.0,0.0,0.0,0.0,0.0,0.0,0.0,0.0,19.738000869750977
0.0,0.0,0.0,0.0,0.0,0.0,0.0,0.0,0.0
0.0,0.0,0.0,0.0,0.0,0.0
0.0,0.0010000000474974513,0.0,0.0,0.0,0.0,0.0,0.0,0.0,0.0
0.0,0.0,0.0,0.0010000000474974513,0.0,0.0,0.0,20.82900047302246
0.0,0.0,0.0,0.0,0.0,0.0,0.0,0.1979999989271164
0.0,0.0,0.0,0.0,0.0,0.0,0.0,0.0,0.0
0.0,0.0,0.0,0.0,0.0,0.0,0.0
0.0,0.0,0.0010000000474974513,0.0010000000474974513,0.0
0.0,0.0,0.0,0.0,0.0,0.0,0.0,0.0,0.0,0.0,0.0,0.20600000023841858
0.0,0.0,0.0,0.0,0.0,0.0010000000474974513,0.0,21.29599952697754
0.0,0.0,0.0,0.0,0.0010000000474974513,0.0,0.0,0.0,0.0,27.750999450683594
0.0,0.0010000000474974513,0.0,0.0
0.0,0.0,0.0,0.0,0.0,0.0,0.0
0.0,0.0,0.0,0.0,20.527999877929688
0.0,0.0,0.0,0.0,0.0,0.0,0.0,0.20399999618530273
0.0,0.0010000000474974513,0.0,0.0,0.0,0.0,0.0,0.0010000000474974513,0.0,0.0,0.0
0.0010000000474974513,0.0,0.0,0.0,0.0,0.0
0.0,0.0,0.0,0.0,0.0
0.0,0.0,0.0,0.0,0.0
0.0010000000474974513,0.0,0.0,0.0,0.0,0.0,0.0,0.0,0.0,0.0,0.0,0.0,0.20999999344348907
0.0,0.0,0.0,0.0,0.0,0.0,0.0,0.0,0.0,0.0,0.0,0.0
0.0010000000474974513,0.0,0.0,0.0,0.0,0.0,0.0,0.0,0.0,0.0,0.0
0.0,0.0,0.0,0.0,0.0,0.0,18.959999084472656
0.0,0.0,0.0,0.0,0.0,0.0
0.0,0.0,0.0,0.0010000000474974513,0.0,0.0
0.0,0.0,0.0,0.0,0.0,0.0,0.0,0.0,0.0
0.0,0.0,0.0,0.0010000000474974513,0.0,0.0,0.0,0.0,0.0,0.0,0.0,0.0,0.0,0.0,18.39699935913086
0.0,0.0,0.0,0.0,0.0,0.0,0.0,0.0,0.0,0.0,0.0010000000474974513,0.0,20.23900032043457
0.0,0.0,0.0,0.0,0.0,0.0010000000474974513,0.0,0.0,0.0
0.0,0.0,0.0,0.0,0.0,0.0,0.0,0.0,0.0,0.0,23.645999908447266
0.0,0.0,0.0,0.0,0.0,0.0010000000474974513,0.0,0.0,0.0,0.0,0.0
0.0,0.0,0.0,0.0,0.8040000200271606
0.0,0.0,0.0,0.0,0.0,0.0,0.0,0.0,0.0
0.0,0.0,0.0,0.0,0.0010000000474974513,0.0,0.0,0.0,22.31100082397461
0.0,0.0010000000474974513,0.0,0.0,0.0010000000474974513,0.0,0.0
0.0,0.0,0.0,0.0,0.0,0.0,0.0,0.0,0.0,0.0
0.0,0.0,0.0,0.0,0.0,0.0,0.0,0.0,20.65399932861328
0.0010000000474974513,0.0,0.0,0.0,0.0,0.0
0.0,0.0,0.0,0.0,0.0,0.0,0.0,0.2029999941587448
0.0,0.0,0.0,0.0,0.0,0.0,0.2029999941587448
0.0,0.0,0.0,0.0,0.0,0.0,19.610000610351562
0.0,0.0,0.0,0.0,0.0
0.0,0.0,0.0
0.0,0.0,0.0
0.0,0.0,0.0010000000474974513,0.0,0.0,0.0
0.0,0.0,0.0
0.0010000000474974513,0.0,0.0,0.0,0.0,0.0,0.0010000000474974513,0.0,0.0,0.0,0.0,19.03700065612793
0.0,0.0,0.0,0.0,0.0,0.0,0.0,0.0,0.0,0.0,0.0010000000474974513
0.0,0.0,0.0,0.0010000000474974513,0.0,0.0,0.0,0.0,0.0
0.0,0.0,0.0,0.0010000000474974513,0.0,21.367000579833984
0.0,0.0,0.0,0.0,0.0,0.0,0.0,19.985000610351562
0.0010000000474974513,0.0010000000474974513,0.0,0.0010000000474974513,0.0
0.0,0.0,0.0,0.0,0.0010000000474974513,0.0010000000474974513,0.0,0.0,0.0,0.0,0.0,19.336000442504883
0.0,0.0,0.0,0.0,0.0,0.0,0.0010000000474974513,0.0,0.0,0.0,20.591999053955078
0.0,0.0,0.0,0.0010000000474974513,0.0,0.0,0.0,0.22599999606609344
0.0,0.0,0.0,0.0,0.0,0.0,0.0,0.0,0.0,0.0
0.0,0.0,0.0,0.0,0.0,0.0,19.094999313354492
0.0,0.0,0.0010000000474974513,0.0010000000474974513,0.0,0.0,0.0,0.0
0.0,0.0,0.0,0.0,0.0,0.0,0.0,0.0,0.0
0.0,0.0,0.0,0.0,0.0,0.0,0.0,0.0,0.0
0.0,0.0,0.0,0.0,0.0,0.0,0.0,0.210999995470047
0.0,0.0,0.0,0.0,0.0,0.0,0.0
0.0,0.0010000000474974513,0.0,0.0
0.0,0.0,0.0,0.0,0.0,0.0,0.0,0.0,0.0,0.0
0.0,0.0,0.0,0.0,0.0
0.0,0.0,0.0,0.0,0.0010000000474974513,0.0,0.0,0.0,0.0010000000474974513,0.0,0.0,0.0,0.0
0.0,0.0,0.0,0.0,0.0010000000474974513,0.0,27.73200035095215
0.0,0.0010000000474974513,0.0,0.0,0.0010000000474974513,0.0,0.0,0.0010000000474974513,0.0,0.0,0.0,0.0,0.0,0.0,0.0
0.0,0.0,0.0,0.0,0.0,0.0,0.0,0.0,0.0,0.0,0.0,0.0010000000474974513,0.0
0.0,0.0,0.0,0.0,0.0,0.0,0.0,0.0,0.0,0.0,0.0,0.0,0.0,0.0
0.0,0.0,0.0010000000474974513,0.0,0.0,0.0
0.0,0.0,0.0010000000474974513,0.0,0.0,0.0,0.0,0.0,0.0,0.0,0.0,19.608999252319336
0.0,0.0,0.0,0.0,0.0,0.0,0.0
0.0,0.0,0.0,0.0,0.0,0.0,19.9689998626709
0.0,0.0010000000474974513,0.0,0.0,0.0,0.0,0.0,0.0,0.0010000000474974513,0.0010000000474974513,0.0,0.23100000619888306
0.0,0.0,0.0,0.0,0.0,0.0
0.0010000000474974513,0.0,0.0,0.0,0.0,0.0,0.0,20.070999145507812
0.0,0.0,0.0,0.0,0.0,0.0,0.0,0.0,0.0,0.0
0.0010000000474974513,0.0,0.0,0.0,20.327999114990234
0.0,0.0,0.0,0.0,0.0,0.0,0.0,0.0,20.0
0.0,0.0
0.0,0.0,0.0,0.0,0.0,0.0,0.0,20.48699951171875
0.0,0.0,0.0,0.0,0.0,0.0,0.0,0.0,22.01799964904785
0.0,0.0,0.0,0.0,0.0010000000474974513,0.0010000000474974513,0.0,0.0,0.0
0.0,0.0,0.0,0.0,0.0,0.0,0.0,0.0,21.756000518798828
0.0,0.0,0.0,0.0,0.0,0.0,0.0,0.0
0.0,0.0,0.0010000000474974513,0.0,0.0,0.0,19.457000732421875
0.0,0.0,0.0,0.0,0.0,0.0,0.0,0.21400000154972076
0.0,0.0,0.0,0.0,0.0,0.0,0.0
0.0,0.0,0.0,0.0,0.0,0.0,0.0
0.0010000000474974513,0.0,0.0
0.0,0.0,0.0,0.0,0.0010000000474974513,0.0,0.0,0.0,0.0,0.0,0.0,20.648000717163086
0.0,0.0,0.0,0.0,0.0,0.0
0.0,0.0,0.0,0.0,0.0010000000474974513,0.0,0.0,0.0,0.0,0.0,0.0,0.0,0.0,0.0,0.0,23.408000946044922
0.0,0.0,0.0,0.0,0.0,0.0010000000474974513,0.0,0.0,0.0
0.0,0.0,0.0,0.0,0.0
0.0,0.0010000000474974513,0.0,0.0,0.0,0.0,0.0,0.0,22.121999740600586
0.0,0.0010000000474974513,0.0,0.0010000000474974513,0.0,0.0,0.0,0.0,0.0,0.0,0.0,0.0
0.0,0.0,0.0,0.0,0.0,0.0,0.0,0.0
0.0,0.0010000000474974513,0.0,0.0,0.0,0.0,0.0,0.0,0.0,0.0
0.0,0.0,0.0,19.827999114990234
0.0,0.0,0.0,0.0,0.0,0.0,0.0,20.257999420166016
0.0,0.0,0.0,0.0,0.0,0.0,0.0,0.0,0.0,0.0,0.0,0.0,20.413000106811523
0.0,0.0010000000474974513,0.0,0.0,0.0,0.0,0.0,0.0,0.0010000000474974513,0.0,0.0
0.0,0.0,0.0010000000474974513,0.0,0.0,0.0
0.0010000000474974513,0.0,0.0,0.0,0.0,20.34600067138672
0.0010000000474974513,0.0,0.0010000000474974513,0.0,0.0,0.0010000000474974513,0.0,0.0,0.0,0.0,30.93199920654297
0.0,0.0,0.0,0.0,0.0,0.0,0.0
0.0,0.0,0.0,0.0,0.0,0.0,0.0,0.0,0.0,0.0,0.0,0.0,0.0
0.0010000000474974513,0.0,0.0,0.0,0.0,0.0,0.0,0.0,0.0,0.0,0.0,18.732999801635742
0.0,0.0,0.0,0.0,0.0,0.0,0.0,0.0,0.0,0.0010000000474974513,0.0,0.0,0.0,18.54400062561035
0.0,0.0,0.0,0.0,0.0,0.0,0.0,0.0,0.0,0.0010000000474974513,0.0,0.0
0.0,0.0,0.0,0.0,0.0,0.0,20.139999389648438
0.0,0.0,0.0,0.0,0.0,0.0,0.0,0.0,0.0,0.0,0.0,0.0,18.976999282836914
0.0,0.0,0.0,0.0,0.0,19.636999130249023
0.0,0.0,0.0,0.0010000000474974513,0.0010000000474974513,0.0,0.0,0.0,0.0,19.33099937438965
0.0,0.0,0.0,0.0,0.0,0.0,0.0010000000474974513,0.0,0.0,0.0,0.0,0.0,19.992000579833984
0.0,0.0,0.0,0.0,0.0,0.0,0.0,0.0,0.0,0.0,0.0,0.0,18.429000854492188
0.0,0.0,0.0,0.0,0.0,0.0,0.0,18.961000442504883
0.0,0.0,0.0,0.0,0.0
0.0,0.0,0.0,0.0
0.0,0.0,0.0,0.0
0.0,0.0,0.0,0.0,0.0,0.0010000000474974513,0.0,0.0,0.0,19.277999877929688
0.0,0.0,0.0,0.0,0.0,0.0,0.0,0.31700000166893005
0.0,0.0,0.0,0.0,0.0,0.0,0.0,0.0,18.889999389648438
0.0,0.0,0.0,0.0,0.0,0.0,0.0
0.0,0.0,0.0,0.0,0.0,0.0,0.0,0.2240000069141388
0.0,0.0,0.0,0.0,0.0,0.0,0.0
0.0,0.0,0.0010000000474974513,0.0,0.0,0.0,0.0
0.0,0.0,0.0,0.0,0.0
0.0010000000474974513,0.0,0.0,0.0,0.0,0.0010000000474974513,0.0,0.0,0.0,0.0010000000474974513,0.0,0.0
0.0,0.0,0.0,0.0,0.0,0.0
0.0,0.0,0.0,0.0,0.0,0.0
0.0,0.0,0.0,0.0,0.0,0.0,0.0
0.0,0.0,0.0,0.0
0.0,0.0,0.0,0.0,0.0,0.0
0.0,0.0,0.0,0.0,0.0,0.0,0.0,0.0,19.46299934387207
0.0,0.0,0.0,0.0,0.0,0.0,20.674999237060547
0.0,0.0,0.0,0.0
0.0,0.0,0.0,0.0,0.0,0.0
0.0,0.0010000000474974513,0.0,0.0,0.0,0.0,0.0010000000474974513,0.0,0.0
0.0,0.0010000000474974513,0.0,0.0,0.0,0.0,0.7179999947547913
0.0,0.0,19.547000885009766
0.0,0.0,0.0,0.0,0.0,0.0,0.0,0.0010000000474974513,0.0,26.222000122070312
0.0,0.0,0.0,0.0,0.0,0.0,0.0,0.0,21.601999282836914
0.0,0.0,0.0,0.0,0.0,0.0,0.0,0.0010000000474974513,0.0,0.0,0.0,0.0
0.0,0.0,0.0,0.0,0.0,0.0,0.0,0.0010000000474974513,0.0,0.0,0.0,0.0,0.0,0.0,0.0,0.0,22.030000686645508
0.0,0.0,0.0,0.0,0.0,0.0010000000474974513,0.0,0.0,0.0
0.0,0.0,0.0,0.0010000000474974513,0.0,0.0,0.0010000000474974513,0.0,20.489999771118164
0.0,0.0,0.0,0.0,0.0,0.0,0.0,0.0,0.0,0.0,0.0,0.0010000000474974513,0.0,0.0,0.0,0.0,23.73699951171875
0.0,0.0,0.0,0.0,0.0,0.0
0.0,0.0,0.0,0.0,0.0
0.0,0.0,0.0,0.0,0.0,0.0,0.0,0.0,19.517000198364258
0.0010000000474974513,0.0,0.0,0.0,0.0,0.0,0.0,0.0,19.562999725341797
0.0,0.0,0.0,0.0010000000474974513,0.0,0.0,0.0,0.0,0.0010000000474974513,0.0,0.0,0.0,2.496999979019165
0.0,0.0,0.0,0.0,0.0,0.0,0.0
0.0,0.0,0.0,0.0,0.0,0.0010000000474974513,0.0,0.9190000295639038
0.0,0.0,0.0,0.0,0.0,0.0,0.0,0.0,18.7189998626709
0.0,0.0,0.0,0.0,1.4730000495910645
0.0,0.0,0.0,0.0,0.0,0.0010000000474974513,0.0
0.0010000000474974513,0.0,0.0,0.0,0.0,0.0,0.0,0.0,19.80699920654297
0.0,0.0,0.0,0.0,0.0,0.0
0.0,0.0,0.0,0.0,0.0010000000474974513,0.0,0.0,0.0,0.0
0.0,0.0,0.0,0.0,0.0
0.0,0.0,0.0,0.0,0.0,0.0,0.0,0.0,0.0,0.0
0.0,0.0,0.0010000000474974513,0.0,0.0,20.0
0.0,0.0,0.0010000000474974513,0.0,0.0,0.0,0.0
0.0,0.0,0.0,0.0,0.0,20.656999588012695
0.0,0.0,0.0,0.0,0.0,0.0,0.22100000083446503
0.0,0.0,0.0,0.0,0.0,0.0,0.0010000000474974513,0.0,0.0
0.0,0.0,0.0,0.0,0.0,0.0,0.0,0.0,0.0
0.0,0.0,0.0,0.0,0.0,0.0,0.0,0.0,19.490999221801758
0.0,0.0,0.0,0.0010000000474974513,0.0,0.0,0.0,0.0,0.0,0.0
0.0,0.0,0.0,0.0010000000474974513,0.0,0.0,0.0,0.0,0.0,22.033000946044922
0.0,0.0,0.0010000000474974513,0.0,0.0,0.0,0.0,0.0,19.548999786376953
0.0,0.0,0.0,0.0,0.0,0.0
0.0,0.0,0.0,20.489999771118164
0.0,0.0,0.0,0.0010000000474974513,0.0,0.0,0.0010000000474974513,0.0,0.0,0.0,0.0,0.0
0.0,0.0,0.0,0.0,0.0
0.0,0.0,0.0,0.0,0.0,20.381000518798828
0.0,0.0,0.0,0.0,0.0,0.0,0.0,0.0
0.0,0.0,0.0,0.0,0.0,0.0,0.0,0.0010000000474974513,0.0,19.836999893188477
0.0,0.0,0.0,0.0,0.0,0.0,0.0,0.0,0.0,0.0,0.0,0.0,0.0010000000474974513,0.0,0.0
0.0,0.0,0.0,0.0,0.0,0.0,0.0,0.0,0.0,0.0,0.0
0.0,0.0,0.0,0.0,0.0,0.0,0.0,0.0,0.0,0.0,0.0,0.0,23.759000778198242
0.0,0.0,0.0,0.0,0.0,0.0,0.0,0.0,0.0
0.0,0.0,0.0,0.0,0.0,0.0,0.0,0.0,0.0,0.0,0.0010000000474974513,0.0,0.0,0.23000000417232513
0.0,0.0,0.0,0.0,0.0,0.0,0.0
0.0,0.0,0.0,0.0,0.0,0.0,0.0,0.0,20.066999435424805
0.0,0.0,0.0010000000474974513,0.0010000000474974513,0.0,0.0,0.0,0.0,0.0
0.0,0.0,0.0,0.0,0.0,0.0,0.0,0.0
0.0,0.0,0.0,0.0010000000474974513,0.0,0.0,0.0,0.0010000000474974513,0.0,19.354999542236328
0.0,0.0010000000474974513,0.0,0.0,0.0,0.0,0.7519999742507935
0.0,0.0,0.0,0.0,0.0,0.0,0.0,0.0,1.184000015258789
0.0,0.0,0.0,0.0010000000474974513,0.0,0.0,0.0,0.0
0.0,0.0,0.0,0.0,0.0,0.0,0.0,0.0,0.2290000021457672
0.0,0.0010000000474974513,0.0010000000474974513,0.0,0.0,0.0,0.0,0.0
0.0,0.0,0.0010000000474974513,0.0,0.0,0.0,0.0,0.0010000000474974513,0.0010000000474974513,0.0,19.893999099731445
0.0,0.0,0.0,0.0,0.0
0.0,0.0,0.0,0.0,0.0
0.0,0.0,0.0010000000474974513,0.0,0.2280000001192093
0.0,0.0,0.0,0.0,0.0,0.0,19.551000595092773
0.0,0.0010000000474974513,0.0,0.0,0.0,0.0,0.0,0.0
0.0,0.0,0.0,0.0,0.0,0.0,0.0,0.0,0.0,0.20999999344348907
0.0010000000474974513,0.0,0.0,0.0,0.0010000000474974513,0.0,0.0,0.0
0.0,0.0,0.0,0.0,0.0,0.0,0.0
0.0,0.0,0.0,0.0,0.0,0.0,0.0,0.0,0.0
0.0,0.0,0.0,0.0,0.0,0.0,19.474000930786133
0.0,0.0,0.0,0.0,0.0,0.0,0.0,0.0,0.0,0.0,0.0,18.974000930786133
0.0,0.0,0.0010000000474974513,0.0,20.802000045776367
0.0,0.0,0.0,0.0,0.0
0.0,0.0,0.0,0.0,0.0,0.0,0.0,0.0,0.0,0.0,0.0,0.0,0.0,19.860000610351562
0.0,0.0,0.0,0.0,0.0,0.0,0.0
0.0,0.0010000000474974513,0.0,0.0,0.0,0.0,0.0,0.0,0.0,0.0
0.0,0.0,0.0,0.0
0.0,0.0,0.0,0.0,0.0,0.0
0.0,0.0,0.0,0.0010000000474974513,0.0,0.0
0.0,0.0,0.0010000000474974513,0.0,0.0
0.0,0.0,0.0,0.0,0.0,0.0,0.0
0.0,0.0010000000474974513,0.0,0.0,0.0010000000474974513,0.0,0.0,0.0,0.0,0.0,0.0,0.0,19.856000900268555
0.0,0.0,0.0,0.0
0.0,0.0010000000474974513,0.0,0.0,0.0,0.0
0.0,0.0,0.0,0.0,0.0,0.0
0.0,0.0,0.0,0.0,0.0,0.0,0.0,19.64900016784668
0.0,0.0,0.0,0.0,0.0,0.0,0.0,0.0,20.184999465942383
0.0,0.0,0.0,0.0,0.0,20.51300048828125
0.0,0.0010000000474974513,0.0,0.0
0.0,0.0,0.0,0.0,0.0,0.0,0.0,0.0,0.0,0.0,0.0,0.0,0.0,0.0,0.0
0.0010000000474974513,0.0,0.0,0.0,0.2199999988079071
0.0,0.0010000000474974513,0.0,0.0,0.0,0.0,0.0
0.0,0.0,0.0,0.0,0.026000000536441803
0.0,0.0
0.0,0.0,0.0,0.0,0.0,0.0,0.0,0.0,0.0,19.618000030517578
0.0,0.0,0.0,0.0,0.0,0.0,0.0,0.0,0.0,0.0,0.0,20.729999542236328
0.0,0.0010000000474974513,0.0,0.0,0.0,0.0010000000474974513,0.0010000000474974513,0.0,0.0
0.0010000000474974513,0.0010000000474974513,0.0010000000474974513,0.0,0.0,0.0010000000474974513,0.0,0.0,0.0,0.0,0.0,0.0
0.0,0.0,0.0,0.0,0.0,0.0,0.0,0.8059999942779541
0.0,0.0,0.0,0.0,0.0
0.0,0.0,0.0010000000474974513,0.0,0.0010000000474974513,0.0,0.0,0.0,20.301000595092773
0.0,0.0,0.0,0.0,0.0,0.0,19.268999099731445
0.0,0.0,0.0,0.0,0.0,0.0,0.0,0.0,0.0,0.0,0.0,0.0
0.0,0.0,0.0,0.0,0.0,0.0
0.0010000000474974513,0.0,0.0,0.0,0.0,0.0,0.0,22.07699966430664
0.0,0.0,0.0010000000474974513,0.0,0.0,0.0
0.0,0.0010000000474974513,0.0,0.0,0.0010000000474974513,0.0,0.0,0.0010000000474974513,0.0,0.0,0.0,0.0,0.0,0.0010000000474974513,0.0,20.33099937438965
0.0,0.0,0.0,0.0,0.0010000000474974513,0.0,0.0010000000474974513
0.0,0.0,0.0,26.820999145507812
0.0,0.0,0.0,0.0,0.0,0.0,0.0,0.0,0.0,0.0
0.0,0.0010000000474974513,0.0,0.0
0.0,0.0,0.0,0.0,0.0,0.0
0.0,0.0010000000474974513,0.0,0.0,0.0010000000474974513,0.0,0.0010000000474974513,0.0,0.0,0.0,0.0,20.208999633789062
0.0,0.0,0.0,0.0,0.0,0.20900000631809235
0.0010000000474974513,0.0,0.0,0.0,0.0,0.0,0.0,0.0
0.0,0.0,0.0,0.0
0.0,0.0,0.0,0.0,0.0,0.0,0.0,0.0,0.0,0.0,20.88800048828125
0.0,0.0,0.0,0.0,0.0,0.0,20.86400032043457
0.0,0.0,0.0,0.0,0.0,0.0,0.0010000000474974513,0.0,0.0
0.0,0.0,0.0,0.0,21.549999237060547
0.0,0.0,0.0,0.0,0.0,0.0,0.0,18.48200035095215
0.0,0.0,0.0,0.0,0.0,0.0,0.0,0.0
0.0,0.0,0.0,0.0
0.0,0.0,0.0,0.0,0.0010000000474974513,0.0,0.0
0.0,0.0,0.0,0.0,0.0
0.0,0.0,0.0,0.20600000023841858
0.0,0.0,0.0,0.0,0.0,0.0010000000474974513,0.0,0.0,0.0,27.72599983215332
0.0,0.0010000000474974513,0.0,0.0
0.0010000000474974513,0.0,0.0010000000474974513,0.0,0.0
0.0,0.0,0.0,0.0010000000474974513,0.0,0.0,0.0,0.0,0.0,0.0,0.0,0.0
0.0,0.0,0.0,0.0,0.0,0.0,0.0,0.0,21.016000747680664
0.0,0.0,0.0010000000474974513,0.0,0.0,0.0,0.0,0.0,0.0,20.673999786376953
0.0,0.0,0.0,0.0,0.0,0.0,0.0,25.190000534057617
0.0,0.0,0.0
0.0,0.0,0.0,0.0,0.0,0.0,0.0,0.0,0.0,0.0,0.0
0.0,0.0,0.0,0.0,0.0010000000474974513,0.0,0.0
0.0,0.0,0.0,0.0,0.0,0.0010000000474974513,0.0,0.0,0.0,0.0,21.020000457763672
0.0,0.0,0.0010000000474974513,0.0,0.0,27.957000732421875
0.0,0.0,0.0
0.0,0.0,0.0,0.0,0.0,0.0,0.0,0.0
0.0,0.0,0.0,0.0,0.0,0.0,0.0
0.0,0.0,0.0
0.0,0.0,0.0,0.0,0.0,0.0,0.0,19.14900016784668
0.0,0.0010000000474974513,0.0,0.0,20.954999923706055
0.0,0.0,0.0,0.0
0.0,0.0,0.0,0.0,0.0
0.0,0.0,0.0,0.0,0.0,0.0,0.0,0.0,0.0,29.538000106811523
0.0,0.0,0.0,0.0,0.0,0.0
0.0,0.0010000000474974513,0.0,0.0,0.0,0.0,0.0,0.0,0.0,0.0,0.0,0.0,0.0,0.0,21.349000930786133
0.0,0.0,0.0,0.0010000000474974513,0.0,0.0,0.0
0.0,0.0,0.0,0.0,0.0,0.0,0.0,0.0,0.0010000000474974513,0.0
0.0010000000474974513,0.0,0.0,0.0,0.21899999678134918
0.0,0.0,0.0,0.0,0.0010000000474974513,0.0,0.0,0.0010000000474974513,0.0,0.0,0.0,21.85099983215332
0.0,0.0,0.0,0.0,0.0,0.0010000000474974513,0.0,0.0,0.0,0.0,0.0,0.0,0.0,21.566999435424805
0.0,0.0,0.0,0.0,0.0,0.0,0.0,0.0,0.20600000023841858
0.0,0.0010000000474974513,0.0,0.0010000000474974513,0.0,0.0,0.20800000429153442
0.0,0.0,0.0,0.0,0.0
0.0,0.0,0.0,0.0010000000474974513,0.0010000000474974513,0.0,0.0,0.0,0.0
0.0,0.0010000000474974513,0.0,0.0
0.0,0.0,0.0,0.0,0.0,0.0
0.0,0.0,0.0,0.0,0.0,0.0,0.0,0.0
0.0,0.0,0.0,1.4930000305175781
0.0010000000474974513,0.0,0.0,0.0010000000474974513,0.0,0.0,0.0,0.0,0.0
0.0,0.0,0.0,0.0,0.0,0.0,0.0010000000474974513,0.0,0.0,0.0,0.0,21.194000244140625
0.0,0.0,0.0,0.0,0.0,0.0,0.0,0.0,0.0,0.0,0.0,0.0
0.0,0.0,0.0,0.0,0.0,0.0,0.0,0.0
0.0,0.0,0.0,0.0,0.0,0.0,0.0,0.0,0.0
0.0,0.0,0.0,0.0,0.0,0.0,0.0010000000474974513,0.0010000000474974513,0.0
0.0,0.0,0.0,0.0,0.0,0.0,0.0,0.0,0.0010000000474974513,0.0,0.0,0.0
0.0,0.0,0.0,0.0,0.0,0.0
0.0,0.0010000000474974513,0.0,0.0,0.0,0.0,0.0,0.0,0.0,0.0
0.0,0.0,0.0010000000474974513,0.0,0.0,0.0,20.5049991607666
0.0,0.0,0.0,0.0
0.0,0.0,0.0,0.0
0.0,0.0,0.0,0.0,0.0,0.0,0.0,0.0,0.0,0.0,0.0,0.0,20.805999755859375
0.0010000000474974513,0.0,0.0010000000474974513,0.0,0.0,27.625999450683594
0.0,0.0,0.0,0.0,0.0,0.0,0.0,0.0,0.0,0.0,18.634000778198242
0.0,0.0,0.0,0.0,0.0,0.0,0.0,0.0,0.0,0.0,0.0,0.0,0.0,0.0,0.0
0.0,0.0,0.0010000000474974513,0.0,0.0,0.0,0.0,0.0,0.0,0.0
0.0,0.0,0.0,0.0010000000474974513,0.0,0.0,0.0,0.0,0.0,0.0,18.916000366210938
0.0,0.0,0.0,0.0,0.0,0.0,0.0,0.0,0.0,0.0
0.0,0.0,0.0,0.0,0.0,0.0,0.0,0.0
0.0,0.0,0.0,0.0,0.0010000000474974513,0.0,0.0,0.0,0.0,0.0,0.0,0.7929999828338623
0.0,0.0,0.0,0.0,0.0,0.0,0.0,0.0,0.0,0.0
0.0,0.0,0.0,0.0,0.0010000000474974513,0.0,0.36000001430511475
0.0010000000474974513,0.0,0.0,0.0
0.0,0.0,0.0,0.0
0.0,0.0,0.0010000000474974513,0.0,0.0,0.0,20.94300079345703
0.0,0.0,0.0,0.0,0.0010000000474974513,0.0,0.0,0.0010000000474974513,0.0,0.3869999945163727
0.0010000000474974513,0.0,0.0,0.0,0.0,0.0010000000474974513,0.0,1.0260000228881836
0.0,0.0,0.0,0.0,0.0,0.0
0.0,0.0,20.488000869750977
0.0,0.0010000000474974513,0.0,0.0,0.0,0.0
0.0,0.0,0.0,0.0,0.0,0.0,0.0,0.0,0.0,0.0
0.0,0.0
0.0010000000474974513,0.0,0.0
0.0,0.0,0.0,0.0,0.0010000000474974513,0.0,0.0010000000474974513,0.0,0.0,0.0
0.0,0.0,0.0,0.0,0.0,0.0,0.0,0.0,0.0,0.0,0.0,21.499000549316406
0.0,0.0010000000474974513,0.0,0.0,0.0,0.0,0.0,0.0,0.0010000000474974513,0.0,0.0,0.0,0.0,19.336999893188477
0.0,0.0,0.0,21.804000854492188
0.0,0.0,0.0,0.0
0.0,0.0,0.0,0.0,0.0,0.0,0.0,0.0,0.0,19.486000061035156
0.0,0.0,0.0,0.0,0.0,0.0010000000474974513,0.0,0.0,0.0
0.0,0.0,0.0
0.0,0.0,0.0,0.0,0.0,0.0,21.559999465942383
0.0010000000474974513,0.0,0.0,0.0,0.0,0.0,20.99799919128418
0.0010000000474974513,0.0,0.0,0.0010000000474974513,0.0,0.0,0.0,0.0,0.0
0.0,0.0,0.0,0.0,0.0,0.0,0.0,0.0,0.0,0.0,0.0,20.81999969482422
0.0010000000474974513,0.0,0.0,0.0,0.0,0.2070000022649765
0.0,0.0,0.0,0.0010000000474974513,0.0,0.0,0.0010000000474974513,0.0,0.0,0.0
0.0,0.0010000000474974513,0.0,0.0,0.0,0.0,0.0,0.0
0.0,0.0010000000474974513,0.0,0.0,0.0,0.0,0.0
0.0010000000474974513,0.0,0.0,0.0,0.0,0.0,0.0,0.0,0.9300000071525574
0.0,0.0,0.0,0.0
0.0,0.0,0.0,0.0,0.0,0.0,0.0010000000474974513,0.0,20.409000396728516
0.0,0.0,0.0,0.0,0.0,0.0,0.0,19.357999801635742
0.0,0.0,0.0,0.0,0.0,0.0,0.0,0.0
0.0010000000474974513,0.0,0.0,0.0,19.94700050354004
0.0,0.0,0.0,0.0,0.0,0.0,0.0,0.0,0.0010000000474974513,0.0,0.0,20.25
0.0,0.0,0.0,0.0,0.0010000000474974513,0.0,0.0,0.0,0.2199999988079071
0.0,0.0,0.0010000000474974513,0.0,0.0,0.0,0.0
0.0,0.0,0.0,0.0,0.0,0.0
0.0,0.0,0.0,0.0,0.0,0.0,0.0,0.0,21.95400047302246
0.0,0.0,0.0,0.0,0.0,0.0010000000474974513,0.0,20.649999618530273
0.0,0.0,0.0,0.0,0.0,0.0,0.0,0.0,21.281999588012695
0.0,0.0,0.0,0.0,0.0
0.0,0.0010000000474974513,0.0010000000474974513,0.0,0.0,0.0,0.0,0.0,0.0,0.0
0.0010000000474974513,0.0,0.0,0.0,0.0,0.0,0.0,0.0,0.0,0.0,0.0
0.0,0.0,0.0,0.0,0.0,0.0010000000474974513,0.0,21.128999710083008
0.0,0.0,0.0,0.0,0.0
0.0,0.0,0.0,0.0,0.0,21.983999252319336
0.0,0.0010000000474974513,0.0,0.0,0.0010000000474974513
0.0,0.0,0.0,0.0,0.0,0.0,0.0,0.017999999225139618
0.0
0.0,0.0,0.0,0.0,0.0,0.0,0.0,0.0,23.361000061035156
0.0010000000474974513,0.0,0.0,0.0,0.0010000000474974513,0.0,0.0,19.44499969482422
0.0,0.0010000000474974513,0.0,0.0,0.0,0.0,0.0,0.0,0.0,0.0
0.0010000000474974513,0.0,0.0,0.0,0.0,0.0,0.0,0.0,0.0,0.0
0.0,0.0,0.0,0.0,0.0,0.0010000000474974513,0.0,0.0,0.0,0.0,0.0,0.0,21.18199920654297
0.0,0.0,0.0,0.0,23.91900062561035
0.0,0.0,0.0010000000474974513,0.0,0.0,0.0,0.0,0.0,0.0,0.0,24.163000106811523
0.0,0.0,0.0,0.0,0.0,0.0010000000474974513,0.0,0.0,0.0010000000474974513,0.0,0.0
0.0,0.0,0.0,0.0010000000474974513,0.0,0.0,0.0,0.0,0.0010000000474974513,0.0,21.58799934387207
0.0,0.0010000000474974513,0.0,0.0,0.0,0.0,0.0,0.0,0.0,0.0,0.0,1.0839999914169312
0.0010000000474974513,0.0,0.0,0.0,0.0010000000474974513,0.0,0.0,0.0,0.0
0.0,0.0,0.0,0.0,0.0,0.0,0.0,0.0,0.0,0.0
0.0,0.0,0.0,0.0,0.0,0.0010000000474974513,0.0,0.0,0.0,19.024999618530273
0.0,0.0,0.0,0.0,0.0,0.0,0.0,0.0,0.0,0.0,21.16699981689453
0.0,0.0,0.0010000000474974513,0.0,0.0,0.0,0.0,0.0,0.0,0.0,0.0010000000474974513,0.0,0.0,0.0,0.0
0.0,0.0,0.0,0.0,0.0,0.0,20.483999252319336
0.0,0.0,0.0,0.0,0.0,0.0,0.0,0.0010000000474974513,0.0,0.0,19.757999420166016
0.0,0.0,0.0,0.0010000000474974513,0.0,0.0,0.0,0.0,21.18600082397461
0.0,0.0,0.0,0.0,0.0,19.207000732421875
0.0,0.0,0.0,0.0,0.0,0.0,0.0,0.0,0.0,0.0010000000474974513,0.0,0.0
0.0,0.0,0.0,0.0,0.0,0.0,0.0,0.0,0.0
0.0,0.0,0.0,0.0,0.0,0.0,0.0,0.0
0.0,0.0,0.0010000000474974513,0.0,0.0
0.0,0.0,0.0,0.0,0.0,0.0,0.0,0.0
0.0,0.0,0.0,0.0,0.0,0.0,0.0,0.0010000000474974513,0.0,27.089000701904297
0.0,0.0,0.0,0.0,0.0
0.0,0.0010000000474974513,0.0,0.0,0.0,0.0,19.29800033569336
0.0010000000474974513,0.0,0.0,0.0,0.0,0.0,0.0010000000474974513,0.0,0.0,0.0,19.97100067138672
0.0,0.0,0.0,0.0,0.2150000035762787
0.0010000000474974513,0.0,0.0,0.0,0.0,0.0,0.0,0.0,0.0010000000474974513,0.0,35.68299865722656
0.0,0.0,0.0,0.0,0.0,0.0,0.0,20.08300018310547
0.0,0.0,0.0,0.0,0.0,0.0
0.0,0.0010000000474974513,0.0,0.0,0.0,0.0,20.170000076293945
0.0,0.0,0.0,0.0,0.0,0.0,0.0,0.0,0.0,0.0
0.0,0.0,0.0,0.0,0.0,0.0,0.0,0.0
0.0,0.0010000000474974513,0.0,0.0,0.0,0.0
0.0,0.0010000000474974513,0.0,0.0,0.0,0.0,0.0,0.0,0.0,0.0,18.517000198364258
0.0,0.0,0.0,0.0,0.0010000000474974513,0.0010000000474974513,0.0,0.0,0.0,0.0010000000474974513,0.0010000000474974513,0.0,0.0,19.63599967956543
0.0,0.0,0.0,0.0,0.0,0.0,1.0729999542236328
0.0,0.0010000000474974513,0.0,0.0,0.0010000000474974513,0.0,0.0,0.0,0.0010000000474974513,0.0,0.0,19.40999984741211
0.0,0.0,0.0,0.0010000000474974513,0.0,0.0,0.0,0.0
0.0,0.0,0.0,0.0,0.0,0.0,0.0,0.0,0.0,0.0,0.0
0.0010000000474974513,0.0,0.0,0.0,19.38599967956543
0.0,0.0,0.0,0.0,0.0,0.0,0.0
0.0,0.0,0.0,0.0,0.0,0.0010000000474974513,0.0,19.736000061035156
0.0010000000474974513,0.0,0.0,0.0,0.0,0.0,0.0,0.0,0.0,0.0010000000474974513,0.0,22.033000946044922
0.0010000000474974513,0.0,0.0,0.0,0.0,0.0,0.0,0.0,0.0,0.0
0.0,0.0010000000474974513,0.0,0.0,0.0,0.0,0.0,0.0,0.0,0.0,0.0,20.874000549316406
0.0,0.0,0.0,0.0,0.0
0.0,0.0,0.0,0.0,0.0,0.0
0.0,0.0,0.0,0.0,21.47599983215332
0.0,0.0,0.0,0.0,0.0,0.0,0.0,0.0,0.0,0.0,0.0,0.0,0.0,0.0
0.0,0.0,0.0010000000474974513,0.0,0.0
0.0,0.0,0.0,0.0,0.0,0.0
0.0,0.0,0.0,0.0,0.0,0.0,0.0,0.0,0.0,19.204999923706055
0.0,0.0,0.0010000000474974513,0.0,0.0,0.0,0.0,0.0,0.0,0.0
0.0,0.0,0.0,0.0,0.0,0.0,0.0,21.95800018310547
0.0010000000474974513,0.0,0.0,0.0,0.0,0.0,0.0,0.0,0.0,0.0,22.270000457763672
0.0,0.0,0.0,0.0,0.0,0.0,0.0,0.0010000000474974513,0.0
0.0,0.0,0.0,0.0,0.0,0.0,0.0,0.0010000000474974513,0.0,0.0,0.0,0.8610000014305115
0.0010000000474974513,0.0,0.0,0.0,0.0,0.7730000019073486
0.0,0.0,0.0,0.0,0.0,0.0,0.0,0.0,0.0,0.0,0.0,0.0,0.0010000000474974513,0.0,0.20499999821186066
0.0,0.0,0.0,0.0,0.0,0.0010000000474974513,0.0,0.0,0.0,0.0,0.0010000000474974513,0.0,20.88599967956543
0.0,0.0,0.0,0.0,0.0,0.0,0.0,0.0,21.094999313354492
0.0,0.0,0.0,0.0,0.0
0.0,0.0,0.0,0.0,0.0,0.0,0.0,0.0,0.0
0.0,0.0,0.0,0.0,0.0
0.0,0.0010000000474974513,0.0,0.0,0.0
